metric,value
timestamp,2026-07-07T06:10:38
workload,x264
strategy,MPO
bench_class,W
num_threads,2
output_dir,Outputs/sizeW/2TH/x264_W_MPO_2TH_20260706_200005
cpu_map,"[8, 0]"
p_core_count,2
e_core_count,0
node0_threads,1
node1_threads,1
sim_time_ms,267.0716
total_instructions,2415352630
avg_ipc,1.1954
avg_ipc_p,1.1954
avg_ipc_e,0.0
total_power_W,5.788
dynamic_W,4.7818
leakage_W,1.0
dram_W,0.0063
energy_J,1.54582
node0_reads,125232
node1_reads,125291
node0_pct,49.9882
node0_writes,8074
node1_writes,8068
dram_local,21250
dram_remote,21176
dram_remote_pct,49.9128
l1d_miss_pct,0.6016
l2_miss_pct,17.3365
l3_miss_pct,6.4232
l1d_mpki,1.5774
l2_mpki,0.2735
l3_mpki,0.0176
l3_miss_count,42426
cpi_base_frac,0.89
cpi_branch_frac,0.1014
cpi_l2_frac,0.0025
cpi_l3_frac,0.0054
cpi_dram_local_frac,0.0002
cpi_dram_remote_frac,0.0004
futex_wake_count,61
futex_wait_count,51
mutex_lock_count,0
barrier_wait_count,0
futex_wake_per_minst,0.1022
mutex_lock_per_minst,0.0
barrier_wait_per_minst,0.0
L1-D.access-mru-0.c0,199347675
L1-D.access-mru-0.c1,597471156
L1-D.access-mru-0.node0,597471156
L1-D.access-mru-0.node1,199347675
L1-D.access-mru-0.total,796818831
L1-D.access-mru-1.c0,11037874
L1-D.access-mru-1.c1,28959134
L1-D.access-mru-1.node0,28959134
L1-D.access-mru-1.node1,11037874
L1-D.access-mru-1.total,39997008
L1-D.access-mru-2.c0,1385512
L1-D.access-mru-2.c1,3269922
L1-D.access-mru-2.node0,3269922
L1-D.access-mru-2.node1,1385512
L1-D.access-mru-2.total,4655434
L1-D.access-mru-3.c0,302932
L1-D.access-mru-3.c1,950810
L1-D.access-mru-3.node0,950810
L1-D.access-mru-3.node1,302932
L1-D.access-mru-3.total,1253742
L1-D.access-mru-4.c0,126567
L1-D.access-mru-4.c1,582845
L1-D.access-mru-4.node0,582845
L1-D.access-mru-4.node1,126567
L1-D.access-mru-4.total,709412
L1-D.access-mru-5.c0,64934
L1-D.access-mru-5.c1,447637
L1-D.access-mru-5.node0,447637
L1-D.access-mru-5.node1,64934
L1-D.access-mru-5.total,512571
L1-D.access-mru-6.c0,37350
L1-D.access-mru-6.c1,369038
L1-D.access-mru-6.node0,369038
L1-D.access-mru-6.node1,37350
L1-D.access-mru-6.total,406388
L1-D.access-mru-7.c0,26904
L1-D.access-mru-7.c1,305742
L1-D.access-mru-7.node0,305742
L1-D.access-mru-7.node1,26904
L1-D.access-mru-7.total,332646
L1-D.backinval-M.c0,243
L1-D.backinval-M.c1,236
L1-D.backinval-M.node0,236
L1-D.backinval-M.node1,243
L1-D.backinval-M.total,479
L1-D.backinval-S.c0,48
L1-D.backinval-S.c1,46
L1-D.backinval-S.node0,46
L1-D.backinval-S.node1,48
L1-D.backinval-S.total,94
L1-D.coherency-downgrades.c0,519
L1-D.coherency-downgrades.c1,980
L1-D.coherency-downgrades.node0,980
L1-D.coherency-downgrades.node1,519
L1-D.coherency-downgrades.total,1499
L1-D.coherency-invalidates.c0,255
L1-D.coherency-invalidates.c1,97
L1-D.coherency-invalidates.node0,97
L1-D.coherency-invalidates.node1,255
L1-D.coherency-invalidates.total,352
L1-D.coherency-writebacks.c0,87
L1-D.coherency-writebacks.c1,53
L1-D.coherency-writebacks.node0,53
L1-D.coherency-writebacks.node1,87
L1-D.coherency-writebacks.total,140
L1-D.evict-E.c0,46962
L1-D.evict-E.c1,44331
L1-D.evict-E.node0,44331
L1-D.evict-E.node1,46962
L1-D.evict-E.total,91293
L1-D.evict-M.c0,448484
L1-D.evict-M.c1,2459026
L1-D.evict-M.node0,2459026
L1-D.evict-M.node1,448484
L1-D.evict-M.total,2907510
L1-D.evict-S.c0,1153247
L1-D.evict-S.c1,519499
L1-D.evict-S.node0,519499
L1-D.evict-S.node1,1153247
L1-D.evict-S.total,1672746
L1-D.load-misses-E,2
L1-D.load-misses-I.c0,1397352
L1-D.load-misses-I.c1,2551126
L1-D.load-misses-I.node0,2551126
L1-D.load-misses-I.node1,1397352
L1-D.load-misses-I.total,3948478
L1-D.load-misses-S.c0,82
L1-D.load-misses-S.c1,110
L1-D.load-misses-S.node0,110
L1-D.load-misses-S.node1,82
L1-D.load-misses-S.total,192
L1-D.load-misses.c0,1397436
L1-D.load-misses.c1,2551236
L1-D.load-misses.node0,2551236
L1-D.load-misses.node1,1397436
L1-D.load-misses.total,3948672
L1-D.loads-E.c0,416927
L1-D.loads-E.c1,4857056
L1-D.loads-E.node0,4857056
L1-D.loads-E.node1,416927
L1-D.loads-E.total,5273983
L1-D.loads-I.c0,1397352
L1-D.loads-I.c1,2551126
L1-D.loads-I.node0,2551126
L1-D.loads-I.node1,1397352
L1-D.loads-I.total,3948478
L1-D.loads-M.c0,125521466
L1-D.loads-M.c1,433802395
L1-D.loads-M.node0,433802395
L1-D.loads-M.node1,125521466
L1-D.loads-M.total,559323861
L1-D.loads-S.c0,33842194
L1-D.loads-S.c1,31033810
L1-D.loads-S.node0,31033810
L1-D.loads-S.node1,33842194
L1-D.loads-S.total,64876004
L1-D.loads-where-L1.c0,159780503
L1-D.loads-where-L1.c1,469693151
L1-D.loads-where-L1.node0,469693151
L1-D.loads-where-L1.node1,159780503
L1-D.loads-where-L1.total,629473654
L1-D.loads-where-L2.c0,1128755
L1-D.loads-where-L2.c1,2020695
L1-D.loads-where-L2.node0,2020695
L1-D.loads-where-L2.node1,1128755
L1-D.loads-where-L2.total,3149450
L1-D.loads-where-L3.c0,132544
L1-D.loads-where-L3.c1,485546
L1-D.loads-where-L3.node0,485546
L1-D.loads-where-L3.node1,132544
L1-D.loads-where-L3.total,618090
L1-D.loads-where-cache-remote.c0,94828
L1-D.loads-where-cache-remote.c1,43878
L1-D.loads-where-cache-remote.node0,43878
L1-D.loads-where-cache-remote.node1,94828
L1-D.loads-where-cache-remote.total,138706
L1-D.loads-where-dram-local.c0,20658
L1-D.loads-where-dram-local.c1,592
L1-D.loads-where-dram-local.node0,592
L1-D.loads-where-dram-local.node1,20658
L1-D.loads-where-dram-local.total,21250
L1-D.loads-where-dram-remote.c0,20651
L1-D.loads-where-dram-remote.c1,525
L1-D.loads-where-dram-remote.node0,525
L1-D.loads-where-dram-remote.node1,20651
L1-D.loads-where-dram-remote.total,21176
L1-D.loads.c0,161177939
L1-D.loads.c1,472244387
L1-D.loads.node0,472244387
L1-D.loads.node1,161177939
L1-D.loads.total,633422326
L1-D.store-misses-E.c0,242
L1-D.store-misses-E.c1,16
L1-D.store-misses-E.node0,16
L1-D.store-misses-E.node1,242
L1-D.store-misses-E.total,258
L1-D.store-misses-I.c0,252742
L1-D.store-misses-I.c1,472919
L1-D.store-misses-I.node0,472919
L1-D.store-misses-I.node1,252742
L1-D.store-misses-I.total,725661
L1-D.store-misses-S.c0,243
L1-D.store-misses-S.c1,319
L1-D.store-misses-S.node0,319
L1-D.store-misses-S.node1,243
L1-D.store-misses-S.total,562
L1-D.store-misses.c0,253227
L1-D.store-misses.c1,473254
L1-D.store-misses.node0,473254
L1-D.store-misses.node1,253227
L1-D.store-misses.total,726481
L1-D.stores-E.c0,242
L1-D.stores-E.c1,16
L1-D.stores-E.node0,16
L1-D.stores-E.node1,242
L1-D.stores-E.total,258
L1-D.stores-I.c0,252742
L1-D.stores-I.c1,472919
L1-D.stores-I.node0,472919
L1-D.stores-I.node1,252742
L1-D.stores-I.total,725661
L1-D.stores-M.c0,52549245
L1-D.stores-M.c1,162663133
L1-D.stores-M.node0,162663133
L1-D.stores-M.node1,52549245
L1-D.stores-M.total,215212378
L1-D.stores-S.c0,243
L1-D.stores-S.c1,319
L1-D.stores-S.node0,319
L1-D.stores-S.node1,243
L1-D.stores-S.total,562
L1-D.stores-where-L1.c0,52549245
L1-D.stores-where-L1.c1,162663133
L1-D.stores-where-L1.node0,162663133
L1-D.stores-where-L1.node1,52549245
L1-D.stores-where-L1.total,215212378
L1-D.stores-where-L2.c0,119303
L1-D.stores-where-L2.c1,300433
L1-D.stores-where-L2.node0,300433
L1-D.stores-where-L2.node1,119303
L1-D.stores-where-L2.total,419736
L1-D.stores-where-L3.c0,133697
L1-D.stores-where-L3.c1,172042
L1-D.stores-where-L3.node0,172042
L1-D.stores-where-L3.node1,133697
L1-D.stores-where-L3.total,305739
L1-D.stores-where-cache-remote.c0,150
L1-D.stores-where-cache-remote.c1,9
L1-D.stores-where-cache-remote.node0,9
L1-D.stores-where-cache-remote.node1,150
L1-D.stores-where-cache-remote.total,159
L1-D.stores-where-dram-local.c0,39
L1-D.stores-where-dram-local.c1,379
L1-D.stores-where-dram-local.node0,379
L1-D.stores-where-dram-local.node1,39
L1-D.stores-where-dram-local.total,418
L1-D.stores-where-dram-remote.c0,38
L1-D.stores-where-dram-remote.c1,391
L1-D.stores-where-dram-remote.node0,391
L1-D.stores-where-dram-remote.node1,38
L1-D.stores-where-dram-remote.total,429
L1-D.stores.c0,52802472
L1-D.stores.c1,163136387
L1-D.stores.node0,163136387
L1-D.stores.node1,52802472
L1-D.stores.total,215938859
L1-D.total-latency.c0,16694670210587
L1-D.total-latency.c1,23866958152931
L1-D.total-latency.node0,23866958152931
L1-D.total-latency.node1,16694670210587
L1-D.total-latency.total,40561628363518
L1-I.access-mru-0.c0,49011203
L1-I.access-mru-0.c1,162303697
L1-I.access-mru-0.node0,162303697
L1-I.access-mru-0.node1,49011203
L1-I.access-mru-0.total,211314900
L1-I.access-mru-1.c0,3001049
L1-I.access-mru-1.c1,7242117
L1-I.access-mru-1.node0,7242117
L1-I.access-mru-1.node1,3001049
L1-I.access-mru-1.total,10243166
L1-I.access-mru-2.c0,1185728
L1-I.access-mru-2.c1,2055585
L1-I.access-mru-2.node0,2055585
L1-I.access-mru-2.node1,1185728
L1-I.access-mru-2.total,3241313
L1-I.access-mru-3.c0,505932
L1-I.access-mru-3.c1,1212400
L1-I.access-mru-3.node0,1212400
L1-I.access-mru-3.node1,505932
L1-I.access-mru-3.total,1718332
L1-I.backinval-E.c0,1920
L1-I.backinval-E.c1,69
L1-I.backinval-E.node0,69
L1-I.backinval-E.node1,1920
L1-I.backinval-E.total,1989
L1-I.backinval-S.c0,721
L1-I.backinval-S.c1,120
L1-I.backinval-S.node0,120
L1-I.backinval-S.node1,721
L1-I.backinval-S.total,841
L1-I.coherency-downgrades.c0,175
L1-I.coherency-downgrades.c1,389
L1-I.coherency-downgrades.node0,389
L1-I.coherency-downgrades.node1,175
L1-I.coherency-downgrades.total,564
L1-I.evict-E.c0,35315
L1-I.evict-E.c1,3132177
L1-I.evict-E.node0,3132177
L1-I.evict-E.node1,35315
L1-I.evict-E.total,3167492
L1-I.evict-S.c0,1265349
L1-I.evict-S.c1,1428295
L1-I.evict-S.node0,1428295
L1-I.evict-S.node1,1265349
L1-I.evict-S.total,2693644
L1-I.load-misses-I.c0,1303817
L1-I.load-misses-I.c1,4561160
L1-I.load-misses-I.node0,4561160
L1-I.load-misses-I.node1,1303817
L1-I.load-misses-I.total,5864977
L1-I.load-misses.c0,1303817
L1-I.load-misses.c1,4561160
L1-I.load-misses.node0,4561160
L1-I.load-misses.node1,1303817
L1-I.load-misses.total,5864977
L1-I.loads-E.c0,4926509
L1-I.loads-E.c1,86222725
L1-I.loads-E.node0,86222725
L1-I.loads-E.node1,4926509
L1-I.loads-E.total,91149234
L1-I.loads-I.c0,1303817
L1-I.loads-I.c1,4561160
L1-I.loads-I.node0,4561160
L1-I.loads-I.node1,1303817
L1-I.loads-I.total,5864977
L1-I.loads-S.c0,48777403
L1-I.loads-S.c1,86591074
L1-I.loads-S.node0,86591074
L1-I.loads-S.node1,48777403
L1-I.loads-S.total,135368477
L1-I.loads-where-L1I.c0,53703912
L1-I.loads-where-L1I.c1,172813799
L1-I.loads-where-L1I.node0,172813799
L1-I.loads-where-L1I.node1,53703912
L1-I.loads-where-L1I.total,226517711
L1-I.loads-where-L2.c0,1289440
L1-I.loads-where-L2.c1,4550723
L1-I.loads-where-L2.node0,4550723
L1-I.loads-where-L2.node1,1289440
L1-I.loads-where-L2.total,5840163
L1-I.loads-where-L3.c0,8781
L1-I.loads-where-L3.c1,7799
L1-I.loads-where-L3.node0,7799
L1-I.loads-where-L3.node1,8781
L1-I.loads-where-L3.total,16580
L1-I.loads-where-cache-remote.c0,1927
L1-I.loads-where-cache-remote.c1,331
L1-I.loads-where-cache-remote.node0,331
L1-I.loads-where-cache-remote.node1,1927
L1-I.loads-where-cache-remote.total,2258
L1-I.loads-where-dram-local.c0,1828
L1-I.loads-where-dram-local.c1,1112
L1-I.loads-where-dram-local.node0,1112
L1-I.loads-where-dram-local.node1,1828
L1-I.loads-where-dram-local.total,2940
L1-I.loads-where-dram-remote.c0,1841
L1-I.loads-where-dram-remote.c1,1195
L1-I.loads-where-dram-remote.node0,1195
L1-I.loads-where-dram-remote.node1,1841
L1-I.loads-where-dram-remote.total,3036
L1-I.loads.c0,55007729
L1-I.loads.c1,177374959
L1-I.loads.node0,177374959
L1-I.loads.node1,55007729
L1-I.loads.total,232382688
L1-I.total-latency.c0,4394267755921
L1-I.total-latency.c1,14372126390462
L1-I.total-latency.node0,14372126390462
L1-I.total-latency.node1,4394267755921
L1-I.total-latency.total,18766394146383
L2.access-mru-0.c0,999987
L2.access-mru-0.c1,3752351
L2.access-mru-0.node0,3752351
L2.access-mru-0.node1,999987
L2.access-mru-0.total,4752338
L2.access-mru-1.c0,853074
L2.access-mru-1.c1,1897810
L2.access-mru-1.node0,1897810
L2.access-mru-1.node1,853074
L2.access-mru-1.total,2750884
L2.access-mru-2.c0,371795
L2.access-mru-2.c1,713142
L2.access-mru-2.node0,713142
L2.access-mru-2.node1,371795
L2.access-mru-2.total,1084937
L2.access-mru-3.c0,132554
L2.access-mru-3.c1,227428
L2.access-mru-3.node0,227428
L2.access-mru-3.node1,132554
L2.access-mru-3.total,359982
L2.access-mru-4.c0,61881
L2.access-mru-4.c1,97023
L2.access-mru-4.node0,97023
L2.access-mru-4.node1,61881
L2.access-mru-4.total,158904
L2.access-mru-5.c0,40872
L2.access-mru-5.c1,66297
L2.access-mru-5.node0,66297
L2.access-mru-5.node1,40872
L2.access-mru-5.total,107169
L2.access-mru-6.c0,38363
L2.access-mru-6.c1,60181
L2.access-mru-6.node0,60181
L2.access-mru-6.node1,38363
L2.access-mru-6.total,98544
L2.access-mru-7.c0,38972
L2.access-mru-7.c1,57619
L2.access-mru-7.node0,57619
L2.access-mru-7.node1,38972
L2.access-mru-7.total,96591
L2.backinval-E,163
L2.backinval-M,20
L2.backinval-S.c0,3
L2.backinval-S.c1,133
L2.backinval-S.node0,133
L2.backinval-S.node1,3
L2.backinval-S.total,136
L2.coherency-downgrades.c0,14422
L2.coherency-downgrades.c1,23237
L2.coherency-downgrades.node0,23237
L2.coherency-downgrades.node1,14422
L2.coherency-downgrades.total,37659
L2.coherency-invalidates.c0,431
L2.coherency-invalidates.c1,927
L2.coherency-invalidates.node0,927
L2.coherency-invalidates.node1,431
L2.coherency-invalidates.total,1358
L2.coherency-writebacks.c0,143
L2.coherency-writebacks.c1,256
L2.coherency-writebacks.node0,256
L2.coherency-writebacks.node1,143
L2.coherency-writebacks.total,399
L2.evict-E.c0,49364
L2.evict-E.c1,4466
L2.evict-E.node0,4466
L2.evict-E.node1,49364
L2.evict-E.total,53830
L2.evict-M.c0,148895
L2.evict-M.c1,600762
L2.evict-M.node0,600762
L2.evict-M.node1,148895
L2.evict-M.total,749657
L2.evict-S.c0,196993
L2.evict-S.c1,86116
L2.evict-S.node0,86116
L2.evict-S.node1,196993
L2.evict-S.total,283109
L2.load-misses-E,2
L2.load-misses-I.c0,282973
L2.load-misses-I.c1,540865
L2.load-misses-I.node0,540865
L2.load-misses-I.node1,282973
L2.load-misses-I.total,823838
L2.load-misses-S.c0,83
L2.load-misses-S.c1,113
L2.load-misses-S.node0,113
L2.load-misses-S.node1,83
L2.load-misses-S.total,196
L2.load-misses.c0,283058
L2.load-misses.c1,540978
L2.load-misses.node0,540978
L2.load-misses.node1,283058
L2.load-misses.total,824036
L2.loads-E.c0,33485
L2.loads-E.c1,3170795
L2.loads-E.node0,3170795
L2.loads-E.node1,33485
L2.loads-E.total,3204280
L2.loads-I.c0,282973
L2.loads-I.c1,540865
L2.loads-I.node0,540865
L2.loads-I.node1,282973
L2.loads-I.total,823838
L2.loads-M.c0,161385
L2.loads-M.c1,1533064
L2.loads-M.node0,1533064
L2.loads-M.node1,161385
L2.loads-M.total,1694449
L2.loads-S.c0,2223410
L2.loads-S.c1,1867672
L2.loads-S.node0,1867672
L2.loads-S.node1,2223410
L2.loads-S.total,4091082
L2.loads.c0,2701253
L2.loads.c1,7112396
L2.loads.node0,7112396
L2.loads.node1,2701253
L2.loads.total,9813649
L2.store-misses-E.c0,245
L2.store-misses-E.c1,47
L2.store-misses-E.node0,47
L2.store-misses-E.node1,245
L2.store-misses-E.total,292
L2.store-misses-I.c0,133336
L2.store-misses-I.c1,172378
L2.store-misses-I.node0,172378
L2.store-misses-I.node1,133336
L2.store-misses-I.total,305714
L2.store-misses-S.c0,343
L2.store-misses-S.c1,396
L2.store-misses-S.node0,396
L2.store-misses-S.node1,343
L2.store-misses-S.total,739
L2.store-misses.c0,133924
L2.store-misses.c1,172821
L2.store-misses.node0,172821
L2.store-misses.node1,133924
L2.store-misses.total,306745
L2.store-overlapping-misses.c0,18
L2.store-overlapping-misses.c1,6
L2.store-overlapping-misses.node0,6
L2.store-overlapping-misses.node1,18
L2.store-overlapping-misses.total,24
L2.stores-E.c0,245
L2.stores-E.c1,47
L2.stores-E.node0,47
L2.stores-E.node1,245
L2.stores-E.total,292
L2.stores-I.c0,133336
L2.stores-I.c1,172378
L2.stores-I.node0,172378
L2.stores-I.node1,133336
L2.stores-I.total,305714
L2.stores-M.c0,119303
L2.stores-M.c1,300433
L2.stores-M.node0,300433
L2.stores-M.node1,119303
L2.stores-M.total,419736
L2.stores-S.c0,343
L2.stores-S.c1,396
L2.stores-S.node0,396
L2.stores-S.node1,343
L2.stores-S.total,739
L2.stores.c0,253227
L2.stores.c1,473254
L2.stores.node0,473254
L2.stores.node1,253227
L2.stores.total,726481
L3.access-mru-0.c0,31854
L3.access-mru-0.c1,46028
L3.access-mru-0.node0,46028
L3.access-mru-0.node1,31854
L3.access-mru-0.total,77882
L3.access-mru-1.c0,43627
L3.access-mru-1.c1,71866
L3.access-mru-1.node0,71866
L3.access-mru-1.node1,43627
L3.access-mru-1.total,115493
L3.access-mru-10.c0,959
L3.access-mru-10.c1,16166
L3.access-mru-10.node0,16166
L3.access-mru-10.node1,959
L3.access-mru-10.total,17125
L3.access-mru-11.c0,769
L3.access-mru-11.c1,11151
L3.access-mru-11.node0,11151
L3.access-mru-11.node1,769
L3.access-mru-11.total,11920
L3.access-mru-12.c0,520
L3.access-mru-12.c1,5985
L3.access-mru-12.node0,5985
L3.access-mru-12.node1,520
L3.access-mru-12.total,6505
L3.access-mru-13.c0,587
L3.access-mru-13.c1,3074
L3.access-mru-13.node0,3074
L3.access-mru-13.node1,587
L3.access-mru-13.total,3661
L3.access-mru-14.c0,399
L3.access-mru-14.c1,1291
L3.access-mru-14.node0,1291
L3.access-mru-14.node1,399
L3.access-mru-14.total,1690
L3.access-mru-15.c0,131
L3.access-mru-15.c1,653
L3.access-mru-15.node0,653
L3.access-mru-15.node1,131
L3.access-mru-15.total,784
L3.access-mru-2.c0,41624
L3.access-mru-2.c1,60994
L3.access-mru-2.node0,60994
L3.access-mru-2.node1,41624
L3.access-mru-2.total,102618
L3.access-mru-3.c0,27451
L3.access-mru-3.c1,48930
L3.access-mru-3.node0,48930
L3.access-mru-3.node1,27451
L3.access-mru-3.total,76381
L3.access-mru-4.c0,12901
L3.access-mru-4.c1,40774
L3.access-mru-4.node0,40774
L3.access-mru-4.node1,12901
L3.access-mru-4.total,53675
L3.access-mru-5.c0,6414
L3.access-mru-5.c1,43560
L3.access-mru-5.node0,43560
L3.access-mru-5.node1,6414
L3.access-mru-5.total,49974
L3.access-mru-6.c0,2719
L3.access-mru-6.c1,48869
L3.access-mru-6.node0,48869
L3.access-mru-6.node1,2719
L3.access-mru-6.total,51588
L3.access-mru-7.c0,1531
L3.access-mru-7.c1,47943
L3.access-mru-7.node0,47943
L3.access-mru-7.node1,1531
L3.access-mru-7.total,49474
L3.access-mru-8.c0,1416
L3.access-mru-8.c1,33800
L3.access-mru-8.node0,33800
L3.access-mru-8.node1,1416
L3.access-mru-8.total,35216
L3.access-mru-9.c0,1068
L3.access-mru-9.c1,22244
L3.access-mru-9.node0,22244
L3.access-mru-9.node1,1068
L3.access-mru-9.total,23312
L3.coherency-downgrades.c0,44113
L3.coherency-downgrades.c1,96018
L3.coherency-downgrades.node0,96018
L3.coherency-downgrades.node1,44113
L3.coherency-downgrades.total,140131
L3.coherency-invalidates.c0,32034
L3.coherency-invalidates.c1,6902
L3.coherency-invalidates.node0,6902
L3.coherency-invalidates.node1,32034
L3.coherency-invalidates.total,38936
L3.coherency-upgrades.c0,6908
L3.coherency-upgrades.c1,32016
L3.coherency-upgrades.node0,32016
L3.coherency-upgrades.node1,6908
L3.coherency-upgrades.total,38924
L3.coherency-writebacks.c0,494
L3.coherency-writebacks.c1,22812
L3.coherency-writebacks.node0,22812
L3.coherency-writebacks.node1,494
L3.coherency-writebacks.total,23306
L3.evict-E.c0,3588
L3.evict-E.c1,194
L3.evict-E.node0,194
L3.evict-E.node1,3588
L3.evict-E.total,3782
L3.evict-M.c0,14850
L3.evict-M.c1,1292
L3.evict-M.node0,1292
L3.evict-M.node1,14850
L3.evict-M.total,16142
L3.evict-S.c0,967
L3.evict-S.c1,305
L3.evict-S.node0,305
L3.evict-S.node1,967
L3.evict-S.total,1272
L3.load-misses-E,2
L3.load-misses-I.c0,114025
L3.load-misses-I.c1,46542
L3.load-misses-I.node0,46542
L3.load-misses-I.node1,114025
L3.load-misses-I.total,160567
L3.load-misses-S.c0,83
L3.load-misses-S.c1,113
L3.load-misses-S.node0,113
L3.load-misses-S.node1,83
L3.load-misses-S.total,196
L3.load-misses.c0,114110
L3.load-misses.c1,46655
L3.load-misses.node0,46655
L3.load-misses.node1,114110
L3.load-misses.total,160765
L3.load-overlapping-misses.c0,30
L3.load-overlapping-misses.c1,39
L3.load-overlapping-misses.node0,39
L3.load-overlapping-misses.node1,30
L3.load-overlapping-misses.total,69
L3.loads-E.c0,34490
L3.loads-E.c1,3912
L3.loads-E.node0,3912
L3.loads-E.node1,34490
L3.loads-E.total,38402
L3.loads-I.c0,114025
L3.loads-I.c1,46542
L3.loads-I.node0,46542
L3.loads-I.node1,114025
L3.loads-I.total,160567
L3.loads-M.c0,34543
L3.loads-M.c1,454415
L3.loads-M.node0,454415
L3.loads-M.node1,34543
L3.loads-M.total,488958
L3.loads-S.c0,100000
L3.loads-S.c1,36109
L3.loads-S.node0,36109
L3.loads-S.node1,100000
L3.loads-S.total,136109
L3.loads.c0,283058
L3.loads.c1,540978
L3.loads.node0,540978
L3.loads.node1,283058
L3.loads.total,824036
L3.snoop-latency,344827000
L3.store-misses-E.c0,549
L3.store-misses-E.c1,47
L3.store-misses-E.node0,47
L3.store-misses-E.node1,549
L3.store-misses-E.total,596
L3.store-misses-I.c0,121527
L3.store-misses-I.c1,131866
L3.store-misses-I.node0,131866
L3.store-misses-I.node1,121527
L3.store-misses-I.total,253393
L3.store-misses-S.c0,6826
L3.store-misses-S.c1,31903
L3.store-misses-S.node0,31903
L3.store-misses-S.node1,6826
L3.store-misses-S.total,38729
L3.store-misses.c0,128902
L3.store-misses.c1,163816
L3.store-misses.node0,163816
L3.store-misses.node1,128902
L3.store-misses.total,292718
L3.store-overlapping-misses.c0,70
L3.store-overlapping-misses.c1,56
L3.store-overlapping-misses.node0,56
L3.store-overlapping-misses.node1,70
L3.store-overlapping-misses.total,126
L3.stores-E.c0,549
L3.stores-E.c1,47
L3.stores-E.node0,47
L3.stores-E.node1,549
L3.stores-E.total,596
L3.stores-I.c0,121527
L3.stores-I.c1,131866
L3.stores-I.node0,131866
L3.stores-I.node1,121527
L3.stores-I.total,253393
L3.stores-M.c0,5022
L3.stores-M.c1,9005
L3.stores-M.node0,9005
L3.stores-M.node1,5022
L3.stores-M.total,14027
L3.stores-S.c0,6826
L3.stores-S.c1,31903
L3.stores-S.node0,31903
L3.stores-S.node1,6826
L3.stores-S.total,38729
L3.stores.c0,133924
L3.stores.c1,172821
L3.stores.node0,172821
L3.stores.node1,133924
L3.stores.total,306745
L3.uncore-requests.c0,242415
L3.uncore-requests.c1,210363
L3.uncore-requests.node0,210363
L3.uncore-requests.node1,242415
L3.uncore-requests.total,452778
L3.uncore-time-dram-bus.c0,146044900840
L3.uncore-time-dram-bus.c1,167414487220
L3.uncore-time-dram-bus.node0,167414487220
L3.uncore-time-dram-bus.node1,146044900840
L3.uncore-time-dram-bus.total,313459388060
L3.uncore-time-dram-device.c0,7003320000000
L3.uncore-time-dram-device.c1,8028060000000
L3.uncore-time-dram-device.node0,8028060000000
L3.uncore-time-dram-device.node1,7003320000000
L3.uncore-time-dram-device.total,15031380000000
L3.uncore-time-dram-queue.c0,9683575613
L3.uncore-time-dram-queue.c1,7894227123
L3.uncore-time-dram-queue.node0,7894227123
L3.uncore-time-dram-queue.node1,9683575613
L3.uncore-time-dram-queue.total,17577802736
L3.uncore-time-noc-base.c0,312080625000
L3.uncore-time-noc-base.c1,226595468750
L3.uncore-time-noc-base.node0,226595468750
L3.uncore-time-noc-base.node1,312080625000
L3.uncore-time-noc-base.total,538676093750
L3.uncore-time-noc-queue.c0,6238565715
L3.uncore-time-noc-queue.c1,2122252756
L3.uncore-time-noc-queue.node0,2122252756
L3.uncore-time-noc-queue.node1,6238565715
L3.uncore-time-noc-queue.total,8360818471
L3.uncore-time-pending-hit,344827000
L3.uncore-time-remote-cache-fwd.c0,993287966580
L3.uncore-time-remote-cache-fwd.c1,456340603530
L3.uncore-time-remote-cache-fwd.node0,456340603530
L3.uncore-time-remote-cache-fwd.node1,993287966580
L3.uncore-time-remote-cache-fwd.total,1449628570110
L3.uncore-time-remote-cache-inv.c0,23637890850
L3.uncore-time-remote-cache-inv.c1,110251536710
L3.uncore-time-remote-cache-inv.node0,110251536710
L3.uncore-time-remote-cache-inv.node1,23637890850
L3.uncore-time-remote-cache-inv.total,133889427560
L3.uncore-time-remote-cache-wb.c0,235992702260
L3.uncore-time-remote-cache-wb.c1,5110336140
L3.uncore-time-remote-cache-wb.node0,5110336140
L3.uncore-time-remote-cache-wb.node1,235992702260
L3.uncore-time-remote-cache-wb.total,241103038400
L3.uncore-time-td-access.c0,1269311635270
L3.uncore-time-td-access.c1,989456938610
L3.uncore-time-td-access.node0,989456938610
L3.uncore-time-td-access.node1,1269311635270
L3.uncore-time-td-access.total,2258768573880
L3.uncore-totaltime.c0,9999597862128
L3.uncore-totaltime.c1,9993590677839
L3.uncore-totaltime.node0,9993590677839
L3.uncore-totaltime.node1,9999597862128
L3.uncore-totaltime.total,19993188539967
barrier.global_time,267071600000000
branch_predictor.num-correct.c0,19439196
branch_predictor.num-correct.c1,68907701
branch_predictor.num-correct.node0,68907701
branch_predictor.num-correct.node1,19439196
branch_predictor.num-correct.total,88346897
branch_predictor.num-incorrect.c0,894134
branch_predictor.num-incorrect.c1,3088009
branch_predictor.num-incorrect.node0,3088009
branch_predictor.num-incorrect.node1,894134
branch_predictor.num-incorrect.total,3982143
bus-queue.num-requests,665859
bus-queue.requests-out-of-order,285968
bus-queue.requests-simultaneous,2789
bus-queue.total-delay,8718541675
core.bbv-0.c0,20810860591065
core.bbv-0.c1,70843433756282
core.bbv-0.node0,70843433756282
core.bbv-0.node1,20810860591065
core.bbv-0.total,91654294347347
core.bbv-1.c0,18765354279032
core.bbv-1.c1,64304529201113
core.bbv-1.node0,64304529201113
core.bbv-1.node1,18765354279032
core.bbv-1.total,83069883480145
core.bbv-10.c0,20546720219890
core.bbv-10.c1,68334269167675
core.bbv-10.node0,68334269167675
core.bbv-10.node1,20546720219890
core.bbv-10.total,88880989387565
core.bbv-11.c0,18427951260201
core.bbv-11.c1,63967738687026
core.bbv-11.node0,63967738687026
core.bbv-11.node1,18427951260201
core.bbv-11.total,82395689947227
core.bbv-12.c0,21044640207615
core.bbv-12.c1,65434056794452
core.bbv-12.node0,65434056794452
core.bbv-12.node1,21044640207615
core.bbv-12.total,86478697002067
core.bbv-13.c0,19153298769770
core.bbv-13.c1,51764782122367
core.bbv-13.node0,51764782122367
core.bbv-13.node1,19153298769770
core.bbv-13.total,70918080892137
core.bbv-14.c0,17647277095893
core.bbv-14.c1,53788421286314
core.bbv-14.node0,53788421286314
core.bbv-14.node1,17647277095893
core.bbv-14.total,71435698382207
core.bbv-15.c0,21161132470336
core.bbv-15.c1,66914342571477
core.bbv-15.node0,66914342571477
core.bbv-15.node1,21161132470336
core.bbv-15.total,88075475041813
core.bbv-2.c0,22026143615255
core.bbv-2.c1,62491328284984
core.bbv-2.node0,62491328284984
core.bbv-2.node1,22026143615255
core.bbv-2.total,84517471900239
core.bbv-3.c0,19068024385974
core.bbv-3.c1,54207676693143
core.bbv-3.node0,54207676693143
core.bbv-3.node1,19068024385974
core.bbv-3.total,73275701079117
core.bbv-4.c0,18657784645884
core.bbv-4.c1,59778404554825
core.bbv-4.node0,59778404554825
core.bbv-4.node1,18657784645884
core.bbv-4.total,78436189200709
core.bbv-5.c0,19516736597679
core.bbv-5.c1,61797159630780
core.bbv-5.node0,61797159630780
core.bbv-5.node1,19516736597679
core.bbv-5.total,81313896228459
core.bbv-6.c0,20679941919842
core.bbv-6.c1,64999085594415
core.bbv-6.node0,64999085594415
core.bbv-6.node1,20679941919842
core.bbv-6.total,85679027514257
core.bbv-7.c0,21423681124885
core.bbv-7.c1,67281266292386
core.bbv-7.node0,67281266292386
core.bbv-7.node1,21423681124885
core.bbv-7.total,88704947417271
core.bbv-8.c0,23310791345284
core.bbv-8.c1,63758614793293
core.bbv-8.node0,63758614793293
core.bbv-8.node1,23310791345284
core.bbv-8.total,87069406138577
core.bbv-9.c0,18265507783611
core.bbv-9.c1,51268889641540
core.bbv-9.node0,51268889641540
core.bbv-9.node1,18265507783611
core.bbv-9.total,69534397425151
core.instructions.c0,596857787
core.instructions.c1,1818494843
core.instructions.node0,1818494843
core.instructions.node1,596857787
core.instructions.total,2415352630
directory.entries-allocated.c0,524240
directory.entries-allocated.c1,524272
directory.entries-allocated.node0,524272
directory.entries-allocated.node1,524240
directory.entries-allocated.total,1048512
dram-queue.num-requests.c0,133306
dram-queue.num-requests.c1,133359
dram-queue.num-requests.node0,133359
dram-queue.num-requests.node1,133306
dram-queue.num-requests.total,266665
dram-queue.total-queue-delay.c0,9234631519
dram-queue.total-queue-delay.c1,9101018422
dram-queue.total-queue-delay.node0,9101018422
dram-queue.total-queue-delay.node1,9234631519
dram-queue.total-queue-delay.total,18335649941
dram-queue.total-time-used.c0,166795133320
dram-queue.total-time-used.c1,166861447980
dram-queue.total-time-used.node0,166861447980
dram-queue.total-time-used.node1,166795133320
dram-queue.total-time-used.total,333656581300
dram.reads.c0,125232
dram.reads.c1,125291
dram.reads.node0,125291
dram.reads.node1,125232
dram.reads.total,250523
dram.total-access-latency.c0,8174389764839
dram.total-access-latency.c1,8177502466402
dram.total-access-latency.node0,8177502466402
dram.total-access-latency.node1,8174389764839
dram.total-access-latency.total,16351892231241
dram.total-queueing-delay.c0,9234631519
dram.total-queueing-delay.c1,9101018422
dram.total-queueing-delay.node0,9101018422
dram.total-queueing-delay.node1,9234631519
dram.total-queueing-delay.total,18335649941
dram.writes.c0,8074
dram.writes.c1,8068
dram.writes.node0,8068
dram.writes.node1,8074
dram.writes.total,16142
dtlb.access.c0,213980411
dtlb.access.c1,635380774
dtlb.access.node0,635380774
dtlb.access.node1,213980411
dtlb.access.total,849361185
dtlb.miss.c0,228666
dtlb.miss.c1,734340
dtlb.miss.node0,734340
dtlb.miss.node1,228666
dtlb.miss.total,963006
dtlb_cache.access-mru-0.c0,207880354
dtlb_cache.access-mru-0.c1,586650901
dtlb_cache.access-mru-0.node0,586650901
dtlb_cache.access-mru-0.node1,207880354
dtlb_cache.access-mru-0.total,794531255
dtlb_cache.access-mru-1.c0,5631652
dtlb_cache.access-mru-1.c1,46444482
dtlb_cache.access-mru-1.node0,46444482
dtlb_cache.access-mru-1.node1,5631652
dtlb_cache.access-mru-1.total,52076134
dtlb_cache.access-mru-2.c0,198214
dtlb_cache.access-mru-2.c1,1364487
dtlb_cache.access-mru-2.node0,1364487
dtlb_cache.access-mru-2.node1,198214
dtlb_cache.access-mru-2.total,1562701
dtlb_cache.access-mru-3.c0,41525
dtlb_cache.access-mru-3.c1,186564
dtlb_cache.access-mru-3.node0,186564
dtlb_cache.access-mru-3.node1,41525
dtlb_cache.access-mru-3.total,228089
futex.futex_cmp_requeue_count.c14,19
futex.futex_cmp_requeue_count.c2,18
futex.futex_cmp_requeue_count.c6,3
futex.futex_cmp_requeue_count.node0,18
futex.futex_cmp_requeue_count.node1,22
futex.futex_cmp_requeue_count.total,40
futex.futex_wait_bitset_count,1
futex.futex_wait_count.c0,8
futex.futex_wait_count.c15,22
futex.futex_wait_count.c4,18
futex.futex_wait_count.c8,3
futex.futex_wait_count.node0,8
futex.futex_wait_count.node1,43
futex.futex_wait_count.total,51
futex.futex_wait_delay.c0,247886136912474
futex.futex_wait_delay.c15,24552274812786
futex.futex_wait_delay.c4,26343048347671
futex.futex_wait_delay.c8,3000151335505
futex.futex_wait_delay.node0,247886136912474
futex.futex_wait_delay.node1,53895474495962
futex.futex_wait_delay.total,301781611408436
futex.futex_wake_count.c0,3
futex.futex_wake_count.c1,1
futex.futex_wake_count.c10,1
futex.futex_wake_count.c11,1
futex.futex_wake_count.c12,1
futex.futex_wake_count.c13,1
futex.futex_wake_count.c14,4
futex.futex_wake_count.c15,20
futex.futex_wake_count.c2,1
futex.futex_wake_count.c3,1
futex.futex_wake_count.c4,19
futex.futex_wake_count.c5,1
futex.futex_wake_count.c6,1
futex.futex_wake_count.c7,1
futex.futex_wake_count.c8,4
futex.futex_wake_count.c9,1
futex.futex_wake_count.node0,3
futex.futex_wake_count.node1,58
futex.futex_wake_count.total,61
futex.futex_wake_delay.c10,1000000000
futex.futex_wake_delay.c12,1000000000
futex.futex_wake_delay.c14,1000000000
futex.futex_wake_delay.c15,1000000000
futex.futex_wake_delay.c2,1000000000
futex.futex_wake_delay.c4,1000000000
futex.futex_wake_delay.c6,1000000000
futex.futex_wake_delay.c8,1000000000
futex.futex_wake_delay.node0,1000000000
futex.futex_wake_delay.node1,7000000000
futex.futex_wake_delay.total,8000000000
interval_timer.cpContr_branch.c0,6358673300364
interval_timer.cpContr_branch.c1,21939811846668
interval_timer.cpContr_branch.node0,21939811846668
interval_timer.cpContr_branch.node1,6358673300364
interval_timer.cpContr_branch.total,28298485147032
interval_timer.cpContr_fp_addsub.c0,8408781191
interval_timer.cpContr_fp_addsub.c1,49827768195
interval_timer.cpContr_fp_addsub.node0,49827768195
interval_timer.cpContr_fp_addsub.node1,8408781191
interval_timer.cpContr_fp_addsub.total,58236549386
interval_timer.cpContr_fp_muldiv,855009145
interval_timer.cpContr_generic.c0,45882828904753
interval_timer.cpContr_generic.c1,143778963628171
interval_timer.cpContr_generic.node0,143778963628171
interval_timer.cpContr_generic.node1,45882828904753
interval_timer.cpContr_generic.total,189661792532924
interval_timer.cpContr_load_l1.c0,24794842688418
interval_timer.cpContr_load_l1.c1,86724416214914
interval_timer.cpContr_load_l1.node0,86724416214914
interval_timer.cpContr_load_l1.node1,24794842688418
interval_timer.cpContr_load_l1.total,111519258903332
interval_timer.cpContr_load_l2.c0,1484643217026
interval_timer.cpContr_load_l2.c1,3294443155457
interval_timer.cpContr_load_l2.node0,3294443155457
interval_timer.cpContr_load_l2.node1,1484643217026
interval_timer.cpContr_load_l2.total,4779086372483
interval_timer.cpContr_load_other.c0,2028003633
interval_timer.cpContr_load_other.c1,196565979
interval_timer.cpContr_load_other.node0,196565979
interval_timer.cpContr_load_other.node1,2028003633
interval_timer.cpContr_load_other.total,2224569612
interval_timer.cpContr_port015.c0,27490460228231
interval_timer.cpContr_port015.c1,88577948008067
interval_timer.cpContr_port015.node0,88577948008067
interval_timer.cpContr_port015.node1,27490460228231
interval_timer.cpContr_port015.total,116068408236298
interval_timer.cpContr_port1.c0,5275917998760
interval_timer.cpContr_port1.c1,22794410702939
interval_timer.cpContr_port1.node0,22794410702939
interval_timer.cpContr_port1.node1,5275917998760
interval_timer.cpContr_port1.total,28070328701699
interval_timer.cpContr_port2.c0,68493817342785
interval_timer.cpContr_port2.c1,192539691617370
interval_timer.cpContr_port2.node0,192539691617370
interval_timer.cpContr_port2.node1,68493817342785
interval_timer.cpContr_port2.total,261033508960155
interval_timer.cpContr_port34.c0,2775517621015
interval_timer.cpContr_port34.c1,3834528633705
interval_timer.cpContr_port34.node0,3834528633705
interval_timer.cpContr_port34.node1,2775517621015
interval_timer.cpContr_port34.total,6610046254720
interval_timer.cpContr_port5.c0,75641766207
interval_timer.cpContr_port5.c1,883211594659
interval_timer.cpContr_port5.node0,883211594659
interval_timer.cpContr_port5.node1,75641766207
interval_timer.cpContr_port5.total,958853360866
interval_timer.cpContr_store.c0,12310563992982
interval_timer.cpContr_store.c1,38127120173598
interval_timer.cpContr_store.node0,38127120173598
interval_timer.cpContr_store.node1,12310563992982
interval_timer.cpContr_store.total,50437684166580
interval_timer.cpiBase.c0,67225567440479
interval_timer.cpiBase.c1,207773916094087
interval_timer.cpiBase.node0,207773916094087
interval_timer.cpiBase.node1,67225567440479
interval_timer.cpiBase.total,274999483534566
interval_timer.cpiBranchPredictor.c0,6852330075157
interval_timer.cpiBranchPredictor.c1,24478774592909
interval_timer.cpiBranchPredictor.node0,24478774592909
interval_timer.cpiBranchPredictor.node1,6852330075157
interval_timer.cpiBranchPredictor.total,31331104668066
interval_timer.cpiDataCacheL1.c0,1341032203
interval_timer.cpiDataCacheL1.c1,47800953221
interval_timer.cpiDataCacheL1.node0,47800953221
interval_timer.cpiDataCacheL1.node1,1341032203
interval_timer.cpiDataCacheL1.total,49141985424
interval_timer.cpiDataCacheL2.c0,247351993294
interval_timer.cpiDataCacheL2.c1,535868054540
interval_timer.cpiDataCacheL2.node0,535868054540
interval_timer.cpiDataCacheL2.node1,247351993294
interval_timer.cpiDataCacheL2.total,783220047834
interval_timer.cpiDataCacheL3.c0,362607659428
interval_timer.cpiDataCacheL3.c1,1309319153464
interval_timer.cpiDataCacheL3.node0,1309319153464
interval_timer.cpiDataCacheL3.node1,362607659428
interval_timer.cpiDataCacheL3.total,1671926812892
interval_timer.cpiDataCachecache-remote.c0,517462223761
interval_timer.cpiDataCachecache-remote.c1,125037028816
interval_timer.cpiDataCachecache-remote.node0,125037028816
interval_timer.cpiDataCachecache-remote.node1,517462223761
interval_timer.cpiDataCachecache-remote.total,642499252577
interval_timer.cpiDataCachedram-local.c0,67012299872
interval_timer.cpiDataCachedram-local.c1,9258260123
interval_timer.cpiDataCachedram-local.node0,9258260123
interval_timer.cpiDataCachedram-local.node1,67012299872
interval_timer.cpiDataCachedram-local.total,76270559995
interval_timer.cpiDataCachedram-remote.c0,101721551211
interval_timer.cpiDataCachedram-remote.c1,8115848272
interval_timer.cpiDataCachedram-remote.node0,8115848272
interval_timer.cpiDataCachedram-remote.node1,101721551211
interval_timer.cpiDataCachedram-remote.total,109837399483
interval_timer.cpiInstructionCacheL2.c0,3756887406384
interval_timer.cpiInstructionCacheL2.c1,13054223325024
interval_timer.cpiInstructionCacheL2.node0,13054223325024
interval_timer.cpiInstructionCacheL2.node1,3756887406384
interval_timer.cpiInstructionCacheL2.total,16811110731408
interval_timer.cpiInstructionCacheL3.c0,46719230922
interval_timer.cpiInstructionCacheL3.c1,57405419652
interval_timer.cpiInstructionCacheL3.node0,57405419652
interval_timer.cpiInstructionCacheL3.node1,46719230922
interval_timer.cpiInstructionCacheL3.total,104124650574
interval_timer.cpiInstructionCachecache-remote.c0,25670301188
interval_timer.cpiInstructionCachecache-remote.c1,2610685217
interval_timer.cpiInstructionCachecache-remote.node0,2610685217
interval_timer.cpiInstructionCachecache-remote.node1,25670301188
interval_timer.cpiInstructionCachecache-remote.total,28280986405
interval_timer.cpiInstructionCachedram-local.c0,54382666170
interval_timer.cpiInstructionCachedram-local.c1,46339921222
interval_timer.cpiInstructionCachedram-local.node0,46339921222
interval_timer.cpiInstructionCachedram-local.node1,54382666170
interval_timer.cpiInstructionCachedram-local.total,100722587392
interval_timer.cpiInstructionCachedram-remote.c0,56734041483
interval_timer.cpiInstructionCachedram-remote.c1,47450264162
interval_timer.cpiInstructionCachedram-remote.node0,47450264162
interval_timer.cpiInstructionCachedram-remote.node1,56734041483
interval_timer.cpiInstructionCachedram-remote.total,104184305645
interval_timer.cpiSerialization,45517164
interval_timer.detailed-cpiBase-DispatchRate.c0,187202519
interval_timer.detailed-cpiBase-DispatchRate.c1,576589739
interval_timer.detailed-cpiBase-DispatchRate.node0,576589739
interval_timer.detailed-cpiBase-DispatchRate.node1,187202519
interval_timer.detailed-cpiBase-DispatchRate.total,763792258
interval_timer.detailed-cpiBase-DispatchWidth+DispatchRate.c0,7751958
interval_timer.detailed-cpiBase-DispatchWidth+DispatchRate.c1,25955642
interval_timer.detailed-cpiBase-DispatchWidth+DispatchRate.node0,25955642
interval_timer.detailed-cpiBase-DispatchWidth+DispatchRate.node1,7751958
interval_timer.detailed-cpiBase-DispatchWidth+DispatchRate.total,33707600
interval_timer.loadstore_contention.num-requests.c0,152739256
interval_timer.loadstore_contention.num-requests.c1,455208784
interval_timer.loadstore_contention.num-requests.node0,455208784
interval_timer.loadstore_contention.num-requests.node1,152739256
interval_timer.loadstore_contention.num-requests.total,607948040
interval_timer.loadstore_contention.requests-out-of-order.c0,87689040
interval_timer.loadstore_contention.requests-out-of-order.c1,260666399
interval_timer.loadstore_contention.requests-out-of-order.node0,260666399
interval_timer.loadstore_contention.requests-out-of-order.node1,87689040
interval_timer.loadstore_contention.requests-out-of-order.total,348355439
interval_timer.loadstore_contention.requests-simultaneous.c0,41777855
interval_timer.loadstore_contention.requests-simultaneous.c1,127197758
interval_timer.loadstore_contention.requests-simultaneous.node0,127197758
interval_timer.loadstore_contention.requests-simultaneous.node1,41777855
interval_timer.loadstore_contention.requests-simultaneous.total,168975613
interval_timer.loadstore_contention.total-delay.c0,136060521110514
interval_timer.loadstore_contention.total-delay.c1,176899230305280
interval_timer.loadstore_contention.total-delay.node0,176899230305280
interval_timer.loadstore_contention.total-delay.node1,136060521110514
interval_timer.loadstore_contention.total-delay.total,312959751415794
interval_timer.numBPredOverlapped.c0,1256953
interval_timer.numBPredOverlapped.c1,2792941
interval_timer.numBPredOverlapped.node0,2792941
interval_timer.numBPredOverlapped.node1,1256953
interval_timer.numBPredOverlapped.total,4049894
interval_timer.numDCacheOverlapped.c0,6080375
interval_timer.numDCacheOverlapped.c1,13070971
interval_timer.numDCacheOverlapped.node0,13070971
interval_timer.numDCacheOverlapped.node1,6080375
interval_timer.numDCacheOverlapped.total,19151346
interval_timer.numHiddenLongerDCacheLatency.c0,44195
interval_timer.numHiddenLongerDCacheLatency.c1,76237
interval_timer.numHiddenLongerDCacheLatency.node0,76237
interval_timer.numHiddenLongerDCacheLatency.node1,44195
interval_timer.numHiddenLongerDCacheLatency.total,120432
interval_timer.numICacheOverlapped.c0,23807956
interval_timer.numICacheOverlapped.c1,50151179
interval_timer.numICacheOverlapped.node0,50151179
interval_timer.numICacheOverlapped.node1,23807956
interval_timer.numICacheOverlapped.total,73959135
interval_timer.numLongLatencyLoads.c0,68100
interval_timer.numLongLatencyLoads.c1,143350
interval_timer.numLongLatencyLoads.node0,143350
interval_timer.numLongLatencyLoads.node1,68100
interval_timer.numLongLatencyLoads.total,211450
interval_timer.numSerializationInsns,15
interval_timer.numTotalLongLatencyLoadLatency.c0,3762747
interval_timer.numTotalLongLatencyLoadLatency.c1,5902668
interval_timer.numTotalLongLatencyLoadLatency.node0,5902668
interval_timer.numTotalLongLatencyLoadLatency.node1,3762747
interval_timer.numTotalLongLatencyLoadLatency.total,9665415
interval_timer.outstandingLongLatencyCycles.c0,4779867
interval_timer.outstandingLongLatencyCycles.c1,7773419
interval_timer.outstandingLongLatencyCycles.node0,7773419
interval_timer.outstandingLongLatencyCycles.node1,4779867
interval_timer.outstandingLongLatencyCycles.total,12553286
interval_timer.outstandingLongLatencyInsns.c0,17061294
interval_timer.outstandingLongLatencyInsns.c1,23907004
interval_timer.outstandingLongLatencyInsns.node0,23907004
interval_timer.outstandingLongLatencyInsns.node1,17061294
interval_timer.outstandingLongLatencyInsns.total,40968298
interval_timer.totalHiddenDCacheLatency.c0,39468628
interval_timer.totalHiddenDCacheLatency.c1,72810366
interval_timer.totalHiddenDCacheLatency.node0,72810366
interval_timer.totalHiddenDCacheLatency.node1,39468628
interval_timer.totalHiddenDCacheLatency.total,112278994
interval_timer.totalHiddenLongerDCacheLatency.c0,897534
interval_timer.totalHiddenLongerDCacheLatency.c1,993696
interval_timer.totalHiddenLongerDCacheLatency.node0,993696
interval_timer.totalHiddenLongerDCacheLatency.node1,897534
interval_timer.totalHiddenLongerDCacheLatency.total,1891230
interval_timer.totalSerializationLatency,132
interval_timer.uop_branch.c0,26266143
interval_timer.uop_branch.c1,92380811
interval_timer.uop_branch.node0,92380811
interval_timer.uop_branch.node1,26266143
interval_timer.uop_branch.total,118646954
interval_timer.uop_fp_addsub.c0,2222
interval_timer.uop_fp_addsub.c1,12880
interval_timer.uop_fp_addsub.node0,12880
interval_timer.uop_fp_addsub.node1,2222
interval_timer.uop_fp_addsub.total,15102
interval_timer.uop_fp_muldiv,295
interval_timer.uop_generic.c0,387670103
interval_timer.uop_generic.c1,1182024263
interval_timer.uop_generic.node0,1182024263
interval_timer.uop_generic.node1,387670103
interval_timer.uop_generic.total,1569694366
interval_timer.uop_load.c0,158819710
interval_timer.uop_load.c1,468279863
interval_timer.uop_load.node0,468279863
interval_timer.uop_load.node1,158819710
interval_timer.uop_load.total,627099573
interval_timer.uop_store.c0,52767914
interval_timer.uop_store.c1,163008966
interval_timer.uop_store.node0,163008966
interval_timer.uop_store.node1,52767914
interval_timer.uop_store.total,215776880
interval_timer.uops_total.c0,625526387
interval_timer.uops_total.c1,1905706783
interval_timer.uops_total.node0,1905706783
interval_timer.uops_total.node1,625526387
interval_timer.uops_total.total,2531233170
itlb.access.c0,55007729
itlb.access.c1,177374959
itlb.access.node0,177374959
itlb.access.node1,55007729
itlb.access.total,232382688
itlb.miss.c0,538
itlb.miss.c1,1138
itlb.miss.node0,1138
itlb.miss.node1,538
itlb.miss.total,1676
itlb_cache.access-mru-0.c0,54859382
itlb_cache.access-mru-0.c1,176688122
itlb_cache.access-mru-0.node0,176688122
itlb_cache.access-mru-0.node1,54859382
itlb_cache.access-mru-0.total,231547504
itlb_cache.access-mru-1.c0,116897
itlb_cache.access-mru-1.c1,548410
itlb_cache.access-mru-1.node0,548410
itlb_cache.access-mru-1.node1,116897
itlb_cache.access-mru-1.total,665307
itlb_cache.access-mru-2.c0,26026
itlb_cache.access-mru-2.c1,118373
itlb_cache.access-mru-2.node0,118373
itlb_cache.access-mru-2.node1,26026
itlb_cache.access-mru-2.total,144399
itlb_cache.access-mru-3.c0,4886
itlb_cache.access-mru-3.c1,18916
itlb_cache.access-mru-3.node0,18916
itlb_cache.access-mru-3.node1,4886
itlb_cache.access-mru-3.total,23802
network.shmem-1.bus.num-bytes,28314794
network.shmem-1.bus.num-packets,665859
network.shmem-1.bus.num-packets-delayed,13347
network.shmem-1.bus.time-used,549617890625
network.shmem-1.bus.total-delay,8718541675
performance_model.cpiStartTime,228408957342
performance_model.cpiSyncFutex.c0,187751259572108
performance_model.cpiSyncFutex.c1,7000000000
performance_model.cpiSyncFutex.node0,7000000000
performance_model.cpiSyncFutex.node1,187751259572108
performance_model.cpiSyncFutex.total,187758259572108
performance_model.cpiSyncSyscall.c0,4551126352
performance_model.cpiSyncSyscall.c1,1351046126
performance_model.cpiSyncSyscall.node0,1351046126
performance_model.cpiSyncSyscall.node1,4551126352
performance_model.cpiSyncSyscall.total,5902172478
performance_model.cpiSyncUnscheduled,400462753548
performance_model.elapsed_time.c0,267071644137176
performance_model.elapsed_time.c1,248133342357725
performance_model.elapsed_time.node0,248133342357725
performance_model.elapsed_time.node1,267071644137176
performance_model.elapsed_time.total,515204986494901
performance_model.idle_elapsed_time.c0,187755810698460
performance_model.idle_elapsed_time.c1,637222757016
performance_model.idle_elapsed_time.node0,637222757016
performance_model.idle_elapsed_time.node1,187755810698460
performance_model.idle_elapsed_time.total,188393033455476
performance_model.instruction_count.c0,596857493
performance_model.instruction_count.c1,1818494580
performance_model.instruction_count.node0,1818494580
performance_model.instruction_count.node1,596857493
performance_model.instruction_count.total,2415352073
stlb.access.c0,229204
stlb.access.c1,735478
stlb.access.node0,735478
stlb.access.node1,229204
stlb.access.total,964682
stlb.miss.c0,53146
stlb.miss.c1,108576
stlb.miss.node0,108576
stlb.miss.node1,53146
stlb.miss.total,161722
stlb_cache.access-mru-0.c0,13320
stlb_cache.access-mru-0.c1,44837
stlb_cache.access-mru-0.node0,44837
stlb_cache.access-mru-0.node1,13320
stlb_cache.access-mru-0.total,58157
stlb_cache.access-mru-1.c0,52607
stlb_cache.access-mru-1.c1,265059
stlb_cache.access-mru-1.node0,265059
stlb_cache.access-mru-1.node1,52607
stlb_cache.access-mru-1.total,317666
stlb_cache.access-mru-2.c0,44665
stlb_cache.access-mru-2.c1,109657
stlb_cache.access-mru-2.node0,109657
stlb_cache.access-mru-2.node1,44665
stlb_cache.access-mru-2.total,154322
stlb_cache.access-mru-3.c0,65466
stlb_cache.access-mru-3.c1,207349
stlb_cache.access-mru-3.node0,207349
stlb_cache.access-mru-3.node1,65466
stlb_cache.access-mru-3.total,272815
syscall.stderr-bytes,13006
syscall.stdout-bytes,23
thread.bottle_contrib_time.c0,7919669229176
thread.bottle_contrib_time.c1,1564652510
thread.bottle_contrib_time.c10,27913485052667
thread.bottle_contrib_time.c11,832125100410
thread.bottle_contrib_time.c12,31124895501904
thread.bottle_contrib_time.c13,961172345350
thread.bottle_contrib_time.c14,58711484732230
thread.bottle_contrib_time.c15,38958296358686
thread.bottle_contrib_time.c2,32691450764012
thread.bottle_contrib_time.c3,847307692448
thread.bottle_contrib_time.c4,18492922141230
thread.bottle_contrib_time.c5,824650839509
thread.bottle_contrib_time.c6,20707401080411
thread.bottle_contrib_time.c7,828922895914
thread.bottle_contrib_time.c8,25424740634663
thread.bottle_contrib_time.c9,829661109246
thread.bottle_contrib_time.node0,7919669229176
thread.bottle_contrib_time.node1,259150080901190
thread.bottle_contrib_time.total,267069750130366
thread.bottle_runtime_time.c0,20182570860285
thread.bottle_runtime_time.c1,3129305025
thread.bottle_runtime_time.c10,56659407475347
thread.bottle_runtime_time.c11,2496388146047
thread.bottle_runtime_time.c12,63211300130214
thread.bottle_runtime_time.c13,2883526518802
thread.bottle_runtime_time.c14,92871039018917
thread.bottle_runtime_time.c15,60203107311416
thread.bottle_runtime_time.c2,49232368375497
thread.bottle_runtime_time.c3,2541928163553
thread.bottle_runtime_time.c4,37810792276668
thread.bottle_runtime_time.c5,2473955363359
thread.bottle_runtime_time.c6,40763069326754
thread.bottle_runtime_time.c7,2486781532561
thread.bottle_runtime_time.c8,51679523182544
thread.bottle_runtime_time.c9,2488992810491
thread.bottle_runtime_time.node0,20182570860285
thread.bottle_runtime_time.node1,467805308937195
thread.bottle_runtime_time.total,487987879797480
thread.elapsed_time.c0,267071600000000
thread.elapsed_time.c1,266843235179834
thread.elapsed_time.c10,171363275077149
thread.elapsed_time.c11,153415640414066
thread.elapsed_time.c12,150920087759961
thread.elapsed_time.c13,114692077277018
thread.elapsed_time.c14,111809340798368
thread.elapsed_time.c15,84905900325698
thread.elapsed_time.c2,266438292075135
thread.elapsed_time.c3,266436409319715
thread.elapsed_time.c4,263895167088110
thread.elapsed_time.c5,217100449741013
thread.elapsed_time.c6,214627060497506
thread.elapsed_time.c7,209074410624982
thread.elapsed_time.c8,206588466230405
thread.elapsed_time.c9,173851539467782
thread.elapsed_time.node0,267071600000000
thread.elapsed_time.node1,2871961351876742
thread.elapsed_time.total,3139032951876742
thread.instruction_count.c0,181812695
thread.instruction_count.c1,1818494580
thread.instruction_count.c10,970201281
thread.instruction_count.c11,470772706
thread.instruction_count.c12,786441868
thread.instruction_count.c13,443189222
thread.instruction_count.c14,617987209
thread.instruction_count.c15,415666675
thread.instruction_count.c2,1720839914
thread.instruction_count.c3,568742952
thread.instruction_count.c4,1582016502
thread.instruction_count.c5,543851486
thread.instruction_count.c6,1359917635
thread.instruction_count.c7,519523226
thread.instruction_count.c8,1239596921
thread.instruction_count.c9,495178637
thread.instruction_count.node0,181812695
thread.instruction_count.node1,13552420814
thread.instruction_count.total,13734233509
thread.instructions_by_core[0].c0,181812695
thread.instructions_by_core[0].c11,470772706
thread.instructions_by_core[0].c13,443189222
thread.instructions_by_core[0].c15,415666675
thread.instructions_by_core[0].c3,568742952
thread.instructions_by_core[0].c5,543851486
thread.instructions_by_core[0].c7,519523226
thread.instructions_by_core[0].c9,495178637
thread.instructions_by_core[0].node0,181812695
thread.instructions_by_core[0].node1,3456924904
thread.instructions_by_core[0].total,3638737599
thread.instructions_by_core[1].c1,1818494580
thread.instructions_by_core[1].c10,970201281
thread.instructions_by_core[1].c12,786441868
thread.instructions_by_core[1].c14,617987209
thread.instructions_by_core[1].c2,1720839914
thread.instructions_by_core[1].c4,1582016502
thread.instructions_by_core[1].c6,1359917635
thread.instructions_by_core[1].c8,1239596921
thread.instructions_by_core[1].node0,1818494580
thread.instructions_by_core[1].node1,8277001330
thread.instructions_by_core[1].total,10095495910
thread.nonidle_elapsed_time.c0,19181552563719
thread.nonidle_elapsed_time.c1,247496119600709
thread.nonidle_elapsed_time.c10,125485765639353
thread.nonidle_elapsed_time.c11,66051064954378
thread.nonidle_elapsed_time.c12,101764130104133
thread.nonidle_elapsed_time.c13,63155533669893
thread.nonidle_elapsed_time.c14,80770703034399
thread.nonidle_elapsed_time.c15,60276026496098
thread.nonidle_elapsed_time.c2,232604461123468
thread.nonidle_elapsed_time.c3,76140311940560
thread.nonidle_elapsed_time.c4,210149849296373
thread.nonidle_elapsed_time.c5,73560715636226
thread.nonidle_elapsed_time.c6,178023880117510
thread.nonidle_elapsed_time.c7,71061595746806
thread.nonidle_elapsed_time.c8,161040454506624
thread.nonidle_elapsed_time.c9,68559704827614
thread.nonidle_elapsed_time.node0,19181552563719
thread.nonidle_elapsed_time.node1,1816140316694144
thread.nonidle_elapsed_time.total,1835321869257863
thread.time_by_core[0].c0,19181552563719
thread.time_by_core[0].c11,66051064954378
thread.time_by_core[0].c13,63155533669893
thread.time_by_core[0].c15,60276026496098
thread.time_by_core[0].c3,76140311940560
thread.time_by_core[0].c5,73560715636226
thread.time_by_core[0].c7,71061595746806
thread.time_by_core[0].c9,68559704827614
thread.time_by_core[0].node0,19181552563719
thread.time_by_core[0].node1,478804953271575
thread.time_by_core[0].total,497986505835294
thread.time_by_core[1].c1,247496119600709
thread.time_by_core[1].c10,125485765639353
thread.time_by_core[1].c12,101764130104133
thread.time_by_core[1].c14,80770703034399
thread.time_by_core[1].c2,232604461123468
thread.time_by_core[1].c4,210149849296373
thread.time_by_core[1].c6,178023880117510
thread.time_by_core[1].c8,161040454506624
thread.time_by_core[1].node0,247496119600709
thread.time_by_core[1].node1,1089839243821860
thread.time_by_core[1].total,1337335363422569
thread.unscheduled_time.c0,247890082691267
thread.unscheduled_time.c1,1351046126
thread.unscheduled_time.c10,26936209856449
thread.unscheduled_time.c11,2495552508760
thread.unscheduled_time.c12,30215620158159
thread.unscheduled_time.c13,2882645168482
thread.unscheduled_time.c14,12099353168621
thread.unscheduled_time.c15,24627642928661
thread.unscheduled_time.c2,14888572089867
thread.unscheduled_time.c3,2541387181442
thread.unscheduled_time.c4,34800971298605
thread.unscheduled_time.c5,2473468104456
thread.unscheduled_time.c6,17659880281758
thread.unscheduled_time.c7,2486094176958
thread.unscheduled_time.c8,26605726395158
thread.unscheduled_time.c9,2488797945008
thread.unscheduled_time.node0,247890082691267
thread.unscheduled_time.node1,203203272308510
thread.unscheduled_time.total,451093354999777
thread.waiting_cost.c0,38143479343226
thread.waiting_cost.c1,38719022376858
thread.waiting_cost.c11,13302903158387
thread.waiting_cost.c13,8129440334487
thread.waiting_cost.c15,2728044417150
thread.waiting_cost.c3,38317388162833
thread.waiting_cost.c4,4249639063450
thread.waiting_cost.c5,24171450651389
thread.waiting_cost.c7,22786841576489
thread.waiting_cost.c8,246841259360
thread.waiting_cost.c9,16291784102327
thread.waiting_cost.node0,38143479343226
thread.waiting_cost.node1,168943355102730
thread.waiting_cost.total,207086834445956
time.walltime,1783372237451005
