metric,value
timestamp,2026-07-07T10:10:05
workload,dedup
strategy,AKARIN_a015_3
bench_class,W
num_threads,12
output_dir,Outputs/sizeW/12TH/dedup_W_AKARIN_a015_3_12TH_20260706_200005
cpu_map,"[4, 9, 8, 7, 2, 6, 3, 13, 11, 1, 0, 5]"
p_core_count,7
e_core_count,5
node0_threads,8
node1_threads,4
sim_time_ms,140.7645
total_instructions,2331980800
avg_ipc,0.8032
avg_ipc_p,0.4341
avg_ipc_e,1.32
total_power_W,13.0992
dynamic_W,8.5517
leakage_W,4.5
dram_W,0.0475
energy_J,1.843898
node0_reads,417490
node1_reads,416593
node0_pct,50.0538
node0_writes,149494
node1_writes,148653
dram_local,211801
dram_remote,210841
dram_remote_pct,49.8864
l1d_miss_pct,0.9372
l2_miss_pct,9.2791
l3_miss_pct,62.0058
l1d_mpki,3.15
l2_mpki,0.2923
l3_mpki,0.1812
l3_miss_count,422642
cpi_base_frac,0.7545
cpi_branch_frac,0.2185
cpi_l2_frac,0.0001
cpi_l3_frac,0.0022
cpi_dram_local_frac,0.0065
cpi_dram_remote_frac,0.0182
futex_wake_count,365
futex_wait_count,336
mutex_lock_count,0
barrier_wait_count,0
futex_wake_per_minst,10.6255
mutex_lock_per_minst,0.0
barrier_wait_per_minst,0.0
L1-D.access-mru-0.c0,9829391
L1-D.access-mru-0.c1,1848709
L1-D.access-mru-0.c10,131532697
L1-D.access-mru-0.c11,64755050
L1-D.access-mru-0.c2,132983792
L1-D.access-mru-0.c3,11178865
L1-D.access-mru-0.c4,65372167
L1-D.access-mru-0.c5,110358835
L1-D.access-mru-0.c6,165334585
L1-D.access-mru-0.c7,111269692
L1-D.access-mru-0.c8,145140554
L1-D.access-mru-0.c9,145104124
L1-D.access-mru-0.node0,703465714
L1-D.access-mru-0.node1,391242747
L1-D.access-mru-0.total,1094708461
L1-D.access-mru-1.c0,286861
L1-D.access-mru-1.c1,285161
L1-D.access-mru-1.c10,3767450
L1-D.access-mru-1.c11,1228551
L1-D.access-mru-1.c2,3110501
L1-D.access-mru-1.c3,40780
L1-D.access-mru-1.c4,350530
L1-D.access-mru-1.c5,3875381
L1-D.access-mru-1.c6,3162229
L1-D.access-mru-1.c7,4085590
L1-D.access-mru-1.c8,2484040
L1-D.access-mru-1.c9,3534194
L1-D.access-mru-1.node0,16245976
L1-D.access-mru-1.node1,9965292
L1-D.access-mru-1.total,26211268
L1-D.access-mru-2.c0,12856
L1-D.access-mru-2.c1,369
L1-D.access-mru-2.c10,275161
L1-D.access-mru-2.c11,133114
L1-D.access-mru-2.c2,213817
L1-D.access-mru-2.c3,2731
L1-D.access-mru-2.c4,5091
L1-D.access-mru-2.c5,973588
L1-D.access-mru-2.c6,408192
L1-D.access-mru-2.c7,751263
L1-D.access-mru-2.c8,326405
L1-D.access-mru-2.c9,385371
L1-D.access-mru-2.node0,2196104
L1-D.access-mru-2.node1,1291854
L1-D.access-mru-2.total,3487958
L1-D.access-mru-3.c0,4121
L1-D.access-mru-3.c1,76
L1-D.access-mru-3.c10,106764
L1-D.access-mru-3.c11,82469
L1-D.access-mru-3.c2,121501
L1-D.access-mru-3.c3,1222
L1-D.access-mru-3.c4,1211
L1-D.access-mru-3.c5,544859
L1-D.access-mru-3.c6,228468
L1-D.access-mru-3.c7,409878
L1-D.access-mru-3.c8,190604
L1-D.access-mru-3.c9,235994
L1-D.access-mru-3.node0,1205108
L1-D.access-mru-3.node1,722059
L1-D.access-mru-3.total,1927167
L1-D.access-mru-4.c0,2749
L1-D.access-mru-4.c1,31
L1-D.access-mru-4.c10,83534
L1-D.access-mru-4.c11,75883
L1-D.access-mru-4.c2,112586
L1-D.access-mru-4.c3,465
L1-D.access-mru-4.c4,262
L1-D.access-mru-4.c5,370455
L1-D.access-mru-4.c6,181881
L1-D.access-mru-4.c7,293088
L1-D.access-mru-4.c8,153503
L1-D.access-mru-4.c9,219593
L1-D.access-mru-4.node0,934822
L1-D.access-mru-4.node1,559208
L1-D.access-mru-4.total,1494030
L1-D.access-mru-5.c0,1996
L1-D.access-mru-5.c1,24
L1-D.access-mru-5.c10,77653
L1-D.access-mru-5.c11,73842
L1-D.access-mru-5.c2,109216
L1-D.access-mru-5.c3,169
L1-D.access-mru-5.c4,89
L1-D.access-mru-5.c5,268919
L1-D.access-mru-5.c6,160386
L1-D.access-mru-5.c7,227834
L1-D.access-mru-5.c8,135139
L1-D.access-mru-5.c9,213205
L1-D.access-mru-5.node0,796259
L1-D.access-mru-5.node1,472213
L1-D.access-mru-5.total,1268472
L1-D.access-mru-6.c0,1655
L1-D.access-mru-6.c1,9
L1-D.access-mru-6.c10,74868
L1-D.access-mru-6.c11,72585
L1-D.access-mru-6.c2,105879
L1-D.access-mru-6.c3,73
L1-D.access-mru-6.c4,57
L1-D.access-mru-6.c5,207694
L1-D.access-mru-6.c6,148103
L1-D.access-mru-6.c7,186779
L1-D.access-mru-6.c8,123090
L1-D.access-mru-6.c9,207458
L1-D.access-mru-6.node0,712493
L1-D.access-mru-6.node1,415757
L1-D.access-mru-6.total,1128250
L1-D.access-mru-7.c0,1400
L1-D.access-mru-7.c1,6
L1-D.access-mru-7.c10,73620
L1-D.access-mru-7.c11,70892
L1-D.access-mru-7.c2,103983
L1-D.access-mru-7.c3,32
L1-D.access-mru-7.c4,41
L1-D.access-mru-7.c5,170734
L1-D.access-mru-7.c6,140673
L1-D.access-mru-7.c7,158032
L1-D.access-mru-7.c8,114577
L1-D.access-mru-7.c9,204924
L1-D.access-mru-7.node0,662316
L1-D.access-mru-7.node1,376598
L1-D.access-mru-7.total,1038914
L1-D.backinval-E.c0,1491
L1-D.backinval-E.c1,194
L1-D.backinval-E.c2,1
L1-D.backinval-E.c3,4
L1-D.backinval-E.c4,2
L1-D.backinval-E.c6,4
L1-D.backinval-E.c8,2
L1-D.backinval-E.node0,1501
L1-D.backinval-E.node1,197
L1-D.backinval-E.total,1698
L1-D.backinval-M.c0,1387
L1-D.backinval-M.c1,44
L1-D.backinval-M.c10,11
L1-D.backinval-M.c11,13
L1-D.backinval-M.c2,155
L1-D.backinval-M.c3,113
L1-D.backinval-M.c4,90
L1-D.backinval-M.c5,112
L1-D.backinval-M.c6,190
L1-D.backinval-M.c7,206
L1-D.backinval-M.c8,6
L1-D.backinval-M.c9,3
L1-D.backinval-M.node0,1919
L1-D.backinval-M.node1,411
L1-D.backinval-M.total,2330
L1-D.backinval-S.c0,135
L1-D.backinval-S.c1,219
L1-D.backinval-S.c10,25
L1-D.backinval-S.c11,16
L1-D.backinval-S.c2,117
L1-D.backinval-S.c3,116
L1-D.backinval-S.c4,107
L1-D.backinval-S.c5,86
L1-D.backinval-S.c6,92
L1-D.backinval-S.c7,86
L1-D.backinval-S.c8,6
L1-D.backinval-S.c9,4
L1-D.backinval-S.node0,581
L1-D.backinval-S.node1,428
L1-D.backinval-S.total,1009
L1-D.coherency-downgrades.c0,905
L1-D.coherency-downgrades.c1,453
L1-D.coherency-downgrades.c10,2525
L1-D.coherency-downgrades.c11,442
L1-D.coherency-downgrades.c2,6536
L1-D.coherency-downgrades.c3,1208
L1-D.coherency-downgrades.c4,8859
L1-D.coherency-downgrades.c5,1943
L1-D.coherency-downgrades.c6,3820
L1-D.coherency-downgrades.c7,1570
L1-D.coherency-downgrades.c8,2061
L1-D.coherency-downgrades.c9,300
L1-D.coherency-downgrades.node0,20002
L1-D.coherency-downgrades.node1,10620
L1-D.coherency-downgrades.total,30622
L1-D.coherency-invalidates.c0,438
L1-D.coherency-invalidates.c1,30
L1-D.coherency-invalidates.c10,843
L1-D.coherency-invalidates.c11,210
L1-D.coherency-invalidates.c2,718
L1-D.coherency-invalidates.c3,157
L1-D.coherency-invalidates.c4,723
L1-D.coherency-invalidates.c5,111
L1-D.coherency-invalidates.c6,540
L1-D.coherency-invalidates.c7,152
L1-D.coherency-invalidates.c8,642
L1-D.coherency-invalidates.c9,196
L1-D.coherency-invalidates.node0,3218
L1-D.coherency-invalidates.node1,1542
L1-D.coherency-invalidates.total,4760
L1-D.coherency-upgrades.c0,30
L1-D.coherency-upgrades.c1,13
L1-D.coherency-upgrades.c10,14
L1-D.coherency-upgrades.c11,13
L1-D.coherency-upgrades.c2,37
L1-D.coherency-upgrades.c3,37
L1-D.coherency-upgrades.c4,37
L1-D.coherency-upgrades.c5,45
L1-D.coherency-upgrades.c6,44
L1-D.coherency-upgrades.c7,46
L1-D.coherency-upgrades.c8,31
L1-D.coherency-upgrades.c9,16
L1-D.coherency-upgrades.node0,236
L1-D.coherency-upgrades.node1,127
L1-D.coherency-upgrades.total,363
L1-D.coherency-writebacks.c0,438
L1-D.coherency-writebacks.c1,81
L1-D.coherency-writebacks.c10,832
L1-D.coherency-writebacks.c11,531
L1-D.coherency-writebacks.c2,1006
L1-D.coherency-writebacks.c3,325
L1-D.coherency-writebacks.c4,1025
L1-D.coherency-writebacks.c5,327
L1-D.coherency-writebacks.c6,902
L1-D.coherency-writebacks.c7,280
L1-D.coherency-writebacks.c8,753
L1-D.coherency-writebacks.c9,421
L1-D.coherency-writebacks.node0,4801
L1-D.coherency-writebacks.node1,2120
L1-D.coherency-writebacks.total,6921
L1-D.evict-E.c0,16375
L1-D.evict-E.c1,166909
L1-D.evict-E.c10,35600
L1-D.evict-E.c11,9801
L1-D.evict-E.c2,21619
L1-D.evict-E.c3,13177
L1-D.evict-E.c4,35163
L1-D.evict-E.c5,13543
L1-D.evict-E.c6,33803
L1-D.evict-E.c7,13142
L1-D.evict-E.c8,46279
L1-D.evict-E.c9,16041
L1-D.evict-E.node0,173503
L1-D.evict-E.node1,247949
L1-D.evict-E.total,421452
L1-D.evict-M.c0,158332
L1-D.evict-M.c1,166773
L1-D.evict-M.c10,1316553
L1-D.evict-M.c11,680908
L1-D.evict-M.c2,1029706
L1-D.evict-M.c3,8709
L1-D.evict-M.c4,10023
L1-D.evict-M.c5,1266185
L1-D.evict-M.c6,1401156
L1-D.evict-M.c7,1824251
L1-D.evict-M.c8,1085478
L1-D.evict-M.c9,1969620
L1-D.evict-M.node0,6811486
L1-D.evict-M.node1,4106208
L1-D.evict-M.total,10917694
L1-D.evict-S.c0,12439
L1-D.evict-S.c1,249
L1-D.evict-S.c10,46721
L1-D.evict-S.c11,41543
L1-D.evict-S.c2,33470
L1-D.evict-S.c3,426
L1-D.evict-S.c4,7193
L1-D.evict-S.c5,49884
L1-D.evict-S.c6,43606
L1-D.evict-S.c7,53830
L1-D.evict-S.c8,46116
L1-D.evict-S.c9,62878
L1-D.evict-S.node0,264690
L1-D.evict-S.node1,133665
L1-D.evict-S.total,398355
L1-D.load-misses-E.c0,600
L1-D.load-misses-E.c1,7
L1-D.load-misses-E.c10,500
L1-D.load-misses-E.c11,370
L1-D.load-misses-E.c2,211
L1-D.load-misses-E.c3,284
L1-D.load-misses-E.c4,226
L1-D.load-misses-E.c5,317
L1-D.load-misses-E.c6,299
L1-D.load-misses-E.c7,369
L1-D.load-misses-E.c8,327
L1-D.load-misses-E.c9,165
L1-D.load-misses-E.node0,2761
L1-D.load-misses-E.node1,914
L1-D.load-misses-E.total,3675
L1-D.load-misses-I.c0,114862
L1-D.load-misses-I.c1,204673
L1-D.load-misses-I.c10,1003782
L1-D.load-misses-I.c11,478944
L1-D.load-misses-I.c2,687046
L1-D.load-misses-I.c3,22286
L1-D.load-misses-I.c4,52266
L1-D.load-misses-I.c5,741694
L1-D.load-misses-I.c6,904058
L1-D.load-misses-I.c7,1252850
L1-D.load-misses-I.c8,732808
L1-D.load-misses-I.c9,1262954
L1-D.load-misses-I.node0,4580846
L1-D.load-misses-I.node1,2877377
L1-D.load-misses-I.total,7458223
L1-D.load-misses-S.c0,90
L1-D.load-misses-S.c1,4
L1-D.load-misses-S.c10,1128
L1-D.load-misses-S.c11,113
L1-D.load-misses-S.c2,80
L1-D.load-misses-S.c3,15
L1-D.load-misses-S.c4,28
L1-D.load-misses-S.c5,102
L1-D.load-misses-S.c6,90
L1-D.load-misses-S.c7,174
L1-D.load-misses-S.c8,156
L1-D.load-misses-S.c9,250
L1-D.load-misses-S.node0,1816
L1-D.load-misses-S.node1,414
L1-D.load-misses-S.total,2230
L1-D.load-misses.c0,115552
L1-D.load-misses.c1,204684
L1-D.load-misses.c10,1005410
L1-D.load-misses.c11,479427
L1-D.load-misses.c2,687337
L1-D.load-misses.c3,22585
L1-D.load-misses.c4,52520
L1-D.load-misses.c5,742113
L1-D.load-misses.c6,904447
L1-D.load-misses.c7,1253393
L1-D.load-misses.c8,733291
L1-D.load-misses.c9,1263369
L1-D.load-misses.node0,4585423
L1-D.load-misses.node1,2878705
L1-D.load-misses.total,7464128
L1-D.loads-E.c0,476765
L1-D.loads-E.c1,958870
L1-D.loads-E.c10,5376160
L1-D.loads-E.c11,106691
L1-D.loads-E.c2,3393560
L1-D.loads-E.c3,215115
L1-D.loads-E.c4,6420275
L1-D.loads-E.c5,139946
L1-D.loads-E.c6,5491436
L1-D.loads-E.c7,106367
L1-D.loads-E.c8,6481902
L1-D.loads-E.c9,131587
L1-D.loads-E.node0,18357975
L1-D.loads-E.node1,10940699
L1-D.loads-E.total,29298674
L1-D.loads-I.c0,114862
L1-D.loads-I.c1,204673
L1-D.loads-I.c10,1003782
L1-D.loads-I.c11,478944
L1-D.loads-I.c2,687046
L1-D.loads-I.c3,22286
L1-D.loads-I.c4,52266
L1-D.loads-I.c5,741694
L1-D.loads-I.c6,904058
L1-D.loads-I.c7,1252850
L1-D.loads-I.c8,732808
L1-D.loads-I.c9,1262954
L1-D.loads-I.node0,4580846
L1-D.loads-I.node1,2877377
L1-D.loads-I.total,7458223
L1-D.loads-M.c0,6491827
L1-D.loads-M.c1,470004
L1-D.loads-M.c10,87591263
L1-D.loads-M.c11,44298544
L1-D.loads-M.c2,91354820
L1-D.loads-M.c3,8126822
L1-D.loads-M.c4,42252784
L1-D.loads-M.c5,77700885
L1-D.loads-M.c6,111079376
L1-D.loads-M.c7,77505586
L1-D.loads-M.c8,96398026
L1-D.loads-M.c9,97983387
L1-D.loads-M.node0,475524888
L1-D.loads-M.node1,265728436
L1-D.loads-M.total,741253324
L1-D.loads-S.c0,408076
L1-D.loads-S.c1,1220
L1-D.loads-S.c10,1339650
L1-D.loads-S.c11,593001
L1-D.loads-S.c2,165615
L1-D.loads-S.c3,11125
L1-D.loads-S.c4,17015
L1-D.loads-S.c5,1151390
L1-D.loads-S.c6,445348
L1-D.loads-S.c7,887300
L1-D.loads-S.c8,504555
L1-D.loads-S.c9,372267
L1-D.loads-S.node0,4337872
L1-D.loads-S.node1,1558690
L1-D.loads-S.total,5896562
L1-D.loads-where-L1.c0,7375978
L1-D.loads-where-L1.c1,1430083
L1-D.loads-where-L1.c10,94305445
L1-D.loads-where-L1.c11,44997753
L1-D.loads-where-L1.c2,94913704
L1-D.loads-where-L1.c3,8352763
L1-D.loads-where-L1.c4,48689820
L1-D.loads-where-L1.c5,78991802
L1-D.loads-where-L1.c6,117015771
L1-D.loads-where-L1.c7,78498710
L1-D.loads-where-L1.c8,103384000
L1-D.loads-where-L1.c9,98486826
L1-D.loads-where-L1.node0,498216158
L1-D.loads-where-L1.node1,278226497
L1-D.loads-where-L1.total,776442655
L1-D.loads-where-L2.c0,12141
L1-D.loads-where-L2.c1,133
L1-D.loads-where-L2.c10,933949
L1-D.loads-where-L2.c11,439580
L1-D.loads-where-L2.c2,629639
L1-D.loads-where-L2.c3,293
L1-D.loads-where-L2.c4,9222
L1-D.loads-where-L2.c5,695958
L1-D.loads-where-L2.c6,847412
L1-D.loads-where-L2.c7,1205955
L1-D.loads-where-L2.c8,669023
L1-D.loads-where-L2.c9,1220776
L1-D.loads-where-L2.node0,4159331
L1-D.loads-where-L2.node1,2504750
L1-D.loads-where-L2.total,6664081
L1-D.loads-where-L3.c0,13700
L1-D.loads-where-L3.c1,236
L1-D.loads-where-L3.c10,21040
L1-D.loads-where-L3.c11,16136
L1-D.loads-where-L3.c2,39866
L1-D.loads-where-L3.c3,14032
L1-D.loads-where-L3.c4,1871
L1-D.loads-where-L3.c5,22703
L1-D.loads-where-L3.c6,23828
L1-D.loads-where-L3.c7,22545
L1-D.loads-where-L3.c8,8265
L1-D.loads-where-L3.c9,30461
L1-D.loads-where-L3.node0,143771
L1-D.loads-where-L3.node1,70912
L1-D.loads-where-L3.total,214683
L1-D.loads-where-L3_S.c0,1280
L1-D.loads-where-L3_S.c1,49
L1-D.loads-where-L3_S.c10,2291
L1-D.loads-where-L3_S.c11,403
L1-D.loads-where-L3_S.c2,3984
L1-D.loads-where-L3_S.c3,7054
L1-D.loads-where-L3_S.c4,6954
L1-D.loads-where-L3_S.c5,8524
L1-D.loads-where-L3_S.c6,3763
L1-D.loads-where-L3_S.c7,8030
L1-D.loads-where-L3_S.c8,623
L1-D.loads-where-L3_S.c9,1337
L1-D.loads-where-L3_S.node0,31606
L1-D.loads-where-L3_S.node1,12686
L1-D.loads-where-L3_S.total,44292
L1-D.loads-where-cache-remote.c0,12714
L1-D.loads-where-cache-remote.c1,8
L1-D.loads-where-cache-remote.c10,19226
L1-D.loads-where-cache-remote.c11,21755
L1-D.loads-where-cache-remote.c2,4574
L1-D.loads-where-cache-remote.c3,36
L1-D.loads-where-cache-remote.c4,271
L1-D.loads-where-cache-remote.c5,12256
L1-D.loads-where-cache-remote.c6,5984
L1-D.loads-where-cache-remote.c7,13145
L1-D.loads-where-cache-remote.c8,20129
L1-D.loads-where-cache-remote.c9,8332
L1-D.loads-where-cache-remote.node0,80574
L1-D.loads-where-cache-remote.node1,37856
L1-D.loads-where-cache-remote.total,118430
L1-D.loads-where-dram-local.c0,38342
L1-D.loads-where-dram-local.c1,102130
L1-D.loads-where-dram-local.c10,14447
L1-D.loads-where-dram-local.c11,759
L1-D.loads-where-dram-local.c2,4647
L1-D.loads-where-dram-local.c3,571
L1-D.loads-where-dram-local.c4,17091
L1-D.loads-where-dram-local.c5,1296
L1-D.loads-where-dram-local.c6,11741
L1-D.loads-where-dram-local.c7,1761
L1-D.loads-where-dram-local.c8,17706
L1-D.loads-where-dram-local.c9,1310
L1-D.loads-where-dram-local.node0,85557
L1-D.loads-where-dram-local.node1,126244
L1-D.loads-where-dram-local.total,211801
L1-D.loads-where-dram-remote.c0,37375
L1-D.loads-where-dram-remote.c1,102128
L1-D.loads-where-dram-remote.c10,14457
L1-D.loads-where-dram-remote.c11,794
L1-D.loads-where-dram-remote.c2,4627
L1-D.loads-where-dram-remote.c3,599
L1-D.loads-where-dram-remote.c4,17111
L1-D.loads-where-dram-remote.c5,1376
L1-D.loads-where-dram-remote.c6,11719
L1-D.loads-where-dram-remote.c7,1957
L1-D.loads-where-dram-remote.c8,17545
L1-D.loads-where-dram-remote.c9,1153
L1-D.loads-where-dram-remote.node0,84584
L1-D.loads-where-dram-remote.node1,126257
L1-D.loads-where-dram-remote.total,210841
L1-D.loads.c0,7491530
L1-D.loads.c1,1634767
L1-D.loads.c10,95310855
L1-D.loads.c11,45477180
L1-D.loads.c2,95601041
L1-D.loads.c3,8375348
L1-D.loads.c4,48742340
L1-D.loads.c5,79733915
L1-D.loads.c6,117920218
L1-D.loads.c7,79752103
L1-D.loads.c8,104117291
L1-D.loads.c9,99750195
L1-D.loads.node0,502801581
L1-D.loads.node1,281105202
L1-D.loads.total,783906783
L1-D.store-misses-E.c0,60714
L1-D.store-misses-E.c1,37080
L1-D.store-misses-E.c10,2406
L1-D.store-misses-E.c11,626
L1-D.store-misses-E.c2,469
L1-D.store-misses-E.c3,428
L1-D.store-misses-E.c4,403
L1-D.store-misses-E.c5,651
L1-D.store-misses-E.c6,696
L1-D.store-misses-E.c7,678
L1-D.store-misses-E.c8,635
L1-D.store-misses-E.c9,446
L1-D.store-misses-E.node0,66370
L1-D.store-misses-E.node1,38862
L1-D.store-misses-E.total,105232
L1-D.store-misses-I.c0,76715
L1-D.store-misses-I.c1,129852
L1-D.store-misses-I.c10,397246
L1-D.store-misses-I.c11,254801
L1-D.store-misses-I.c2,400510
L1-D.store-misses-I.c3,1232
L1-D.store-misses-I.c4,2781
L1-D.store-misses-I.c5,589302
L1-D.store-misses-I.c6,577007
L1-D.store-misses-I.c7,639613
L1-D.store-misses-I.c8,447206
L1-D.store-misses-I.c9,786958
L1-D.store-misses-I.node0,2686042
L1-D.store-misses-I.node1,1617181
L1-D.store-misses-I.total,4303223
L1-D.store-misses-S.c0,4607
L1-D.store-misses-S.c1,14
L1-D.store-misses-S.c10,4228
L1-D.store-misses-S.c11,748
L1-D.store-misses-S.c2,733
L1-D.store-misses-S.c3,33
L1-D.store-misses-S.c4,371
L1-D.store-misses-S.c5,932
L1-D.store-misses-S.c6,1014
L1-D.store-misses-S.c7,889
L1-D.store-misses-S.c8,1183
L1-D.store-misses-S.c9,1108
L1-D.store-misses-S.node0,13041
L1-D.store-misses-S.node1,2819
L1-D.store-misses-S.total,15860
L1-D.store-misses.c0,142036
L1-D.store-misses.c1,166946
L1-D.store-misses.c10,403880
L1-D.store-misses.c11,256175
L1-D.store-misses.c2,401712
L1-D.store-misses.c3,1693
L1-D.store-misses.c4,3555
L1-D.store-misses.c5,590885
L1-D.store-misses.c6,578717
L1-D.store-misses.c7,641180
L1-D.store-misses.c8,449024
L1-D.store-misses.c9,788512
L1-D.store-misses.node0,2765453
L1-D.store-misses.node1,1658862
L1-D.store-misses.total,4424315
L1-D.stores-E.c0,60714
L1-D.stores-E.c1,37080
L1-D.stores-E.c10,2406
L1-D.stores-E.c11,626
L1-D.stores-E.c2,469
L1-D.stores-E.c3,428
L1-D.stores-E.c4,403
L1-D.stores-E.c5,651
L1-D.stores-E.c6,696
L1-D.stores-E.c7,678
L1-D.stores-E.c8,635
L1-D.stores-E.c9,446
L1-D.stores-E.node0,66370
L1-D.stores-E.node1,38862
L1-D.stores-E.total,105232
L1-D.stores-I.c0,76715
L1-D.stores-I.c1,129852
L1-D.stores-I.c10,397246
L1-D.stores-I.c11,254801
L1-D.stores-I.c2,400510
L1-D.stores-I.c3,1232
L1-D.stores-I.c4,2781
L1-D.stores-I.c5,589302
L1-D.stores-I.c6,577007
L1-D.stores-I.c7,639613
L1-D.stores-I.c8,447206
L1-D.stores-I.c9,786958
L1-D.stores-I.node0,2686042
L1-D.stores-I.node1,1617181
L1-D.stores-I.total,4303223
L1-D.stores-M.c0,2765051
L1-D.stores-M.c1,704302
L1-D.stores-M.c10,41686302
L1-D.stores-M.c11,21494633
L1-D.stores-M.c2,41947571
L1-D.stores-M.c3,2871574
L1-D.stores-M.c4,17039628
L1-D.stores-M.c5,37778663
L1-D.stores-M.c6,52748746
L1-D.stores-M.c7,38883446
L1-D.stores-M.c8,45283912
L1-D.stores-M.c9,51618037
L1-D.stores-M.node0,228002634
L1-D.stores-M.node1,126819231
L1-D.stores-M.total,354821865
L1-D.stores-S.c0,4607
L1-D.stores-S.c1,14
L1-D.stores-S.c10,4228
L1-D.stores-S.c11,748
L1-D.stores-S.c2,733
L1-D.stores-S.c3,33
L1-D.stores-S.c4,371
L1-D.stores-S.c5,932
L1-D.stores-S.c6,1014
L1-D.stores-S.c7,889
L1-D.stores-S.c8,1183
L1-D.stores-S.c9,1108
L1-D.stores-S.node0,13041
L1-D.stores-S.node1,2819
L1-D.stores-S.total,15860
L1-D.stores-where-L1.c0,2765051
L1-D.stores-where-L1.c1,704302
L1-D.stores-where-L1.c10,41686302
L1-D.stores-where-L1.c11,21494633
L1-D.stores-where-L1.c2,41947571
L1-D.stores-where-L1.c3,2871574
L1-D.stores-where-L1.c4,17039628
L1-D.stores-where-L1.c5,37778663
L1-D.stores-where-L1.c6,52748746
L1-D.stores-where-L1.c7,38883446
L1-D.stores-where-L1.c8,45283912
L1-D.stores-where-L1.c9,51618037
L1-D.stores-where-L1.node0,228002634
L1-D.stores-where-L1.node1,126819231
L1-D.stores-where-L1.total,354821865
L1-D.stores-where-L2.c0,121
L1-D.stores-where-L2.c1,18
L1-D.stores-where-L2.c10,359125
L1-D.stores-where-L2.c11,237847
L1-D.stores-where-L2.c2,377592
L1-D.stores-where-L2.c3,33
L1-D.stores-where-L2.c4,373
L1-D.stores-where-L2.c5,567528
L1-D.stores-where-L2.c6,542805
L1-D.stores-where-L2.c7,570160
L1-D.stores-where-L2.c8,417079
L1-D.stores-where-L2.c9,745247
L1-D.stores-where-L2.node0,2453079
L1-D.stores-where-L2.node1,1364849
L1-D.stores-where-L2.total,3817928
L1-D.stores-where-L3.c0,141891
L1-D.stores-where-L3.c1,166911
L1-D.stores-where-L3.c10,41000
L1-D.stores-where-L3.c11,18106
L1-D.stores-where-L3.c2,23849
L1-D.stores-where-L3.c3,1284
L1-D.stores-where-L3.c4,2931
L1-D.stores-where-L3.c5,23074
L1-D.stores-where-L3.c6,35452
L1-D.stores-where-L3.c7,63530
L1-D.stores-where-L3.c8,31579
L1-D.stores-where-L3.c9,42718
L1-D.stores-where-L3.node0,306456
L1-D.stores-where-L3.node1,285869
L1-D.stores-where-L3.total,592325
L1-D.stores-where-L3_S.c0,7
L1-D.stores-where-L3_S.c1,16
L1-D.stores-where-L3_S.c10,204
L1-D.stores-where-L3_S.c11,214
L1-D.stores-where-L3_S.c2,256
L1-D.stores-where-L3_S.c3,373
L1-D.stores-where-L3_S.c4,237
L1-D.stores-where-L3_S.c5,256
L1-D.stores-where-L3_S.c6,236
L1-D.stores-where-L3_S.c7,262
L1-D.stores-where-L3_S.c8,99
L1-D.stores-where-L3_S.c9,451
L1-D.stores-where-L3_S.node0,1978
L1-D.stores-where-L3_S.node1,633
L1-D.stores-where-L3_S.total,2611
L1-D.stores-where-cache-remote.c1,1
L1-D.stores-where-cache-remote.c10,6
L1-D.stores-where-cache-remote.c5,1
L1-D.stores-where-cache-remote.c6,14
L1-D.stores-where-cache-remote.c7,22
L1-D.stores-where-cache-remote.c8,4
L1-D.stores-where-cache-remote.node0,21
L1-D.stores-where-cache-remote.node1,27
L1-D.stores-where-cache-remote.total,48
L1-D.stores-where-dram-local.c0,16
L1-D.stores-where-dram-local.c10,1748
L1-D.stores-where-dram-local.c11,4
L1-D.stores-where-dram-local.c2,10
L1-D.stores-where-dram-local.c3,2
L1-D.stores-where-dram-local.c4,7
L1-D.stores-where-dram-local.c5,15
L1-D.stores-where-dram-local.c6,115
L1-D.stores-where-dram-local.c7,3609
L1-D.stores-where-dram-local.c8,132
L1-D.stores-where-dram-local.c9,44
L1-D.stores-where-dram-local.node0,1951
L1-D.stores-where-dram-local.node1,3751
L1-D.stores-where-dram-local.total,5702
L1-D.stores-where-dram-remote.c0,1
L1-D.stores-where-dram-remote.c10,1797
L1-D.stores-where-dram-remote.c11,4
L1-D.stores-where-dram-remote.c2,5
L1-D.stores-where-dram-remote.c3,1
L1-D.stores-where-dram-remote.c4,7
L1-D.stores-where-dram-remote.c5,11
L1-D.stores-where-dram-remote.c6,95
L1-D.stores-where-dram-remote.c7,3597
L1-D.stores-where-dram-remote.c8,131
L1-D.stores-where-dram-remote.c9,52
L1-D.stores-where-dram-remote.node0,1968
L1-D.stores-where-dram-remote.node1,3733
L1-D.stores-where-dram-remote.total,5701
L1-D.stores.c0,2907087
L1-D.stores.c1,871248
L1-D.stores.c10,42090182
L1-D.stores.c11,21750808
L1-D.stores.c2,42349283
L1-D.stores.c3,2873267
L1-D.stores.c4,17043183
L1-D.stores.c5,38369548
L1-D.stores.c6,53327463
L1-D.stores.c7,39524626
L1-D.stores.c8,45732936
L1-D.stores.c9,52406549
L1-D.stores.node0,230768087
L1-D.stores.node1,128478093
L1-D.stores.total,359246180
L1-D.total-latency.c0,11785188188380
L1-D.total-latency.c1,24072162279665
L1-D.total-latency.c10,10001974775160
L1-D.total-latency.c11,4808939910495
L1-D.total-latency.c2,7122407550805
L1-D.total-latency.c3,567259094160
L1-D.total-latency.c4,2905096909195
L1-D.total-latency.c5,7732166481210
L1-D.total-latency.c6,10209190899080
L1-D.total-latency.c7,10880068067505
L1-D.total-latency.c8,9497080537510
L1-D.total-latency.c9,11700435885785
L1-D.total-latency.node0,59710252143465
L1-D.total-latency.node1,51571718435485
L1-D.total-latency.total,111281970578950
L1-I.access-mru-0.c0,2945804
L1-I.access-mru-0.c1,373033
L1-I.access-mru-0.c10,26074512
L1-I.access-mru-0.c11,14701330
L1-I.access-mru-0.c2,26440309
L1-I.access-mru-0.c3,2481826
L1-I.access-mru-0.c4,10397107
L1-I.access-mru-0.c5,30012900
L1-I.access-mru-0.c6,34599645
L1-I.access-mru-0.c7,29096888
L1-I.access-mru-0.c8,29968676
L1-I.access-mru-0.c9,33763594
L1-I.access-mru-0.node0,154976718
L1-I.access-mru-0.node1,85878906
L1-I.access-mru-0.total,240855624
L1-I.access-mru-1.c0,166214
L1-I.access-mru-1.c1,281
L1-I.access-mru-1.c10,239478
L1-I.access-mru-1.c11,442458
L1-I.access-mru-1.c2,210566
L1-I.access-mru-1.c3,324949
L1-I.access-mru-1.c4,259053
L1-I.access-mru-1.c5,301970
L1-I.access-mru-1.c6,309904
L1-I.access-mru-1.c7,289949
L1-I.access-mru-1.c8,329781
L1-I.access-mru-1.c9,217470
L1-I.access-mru-1.node0,2261496
L1-I.access-mru-1.node1,830577
L1-I.access-mru-1.total,3092073
L1-I.access-mru-2.c0,8207
L1-I.access-mru-2.c1,50
L1-I.access-mru-2.c10,75362
L1-I.access-mru-2.c11,42849
L1-I.access-mru-2.c2,46716
L1-I.access-mru-2.c3,16544
L1-I.access-mru-2.c4,14310
L1-I.access-mru-2.c5,71159
L1-I.access-mru-2.c6,65702
L1-I.access-mru-2.c7,69497
L1-I.access-mru-2.c8,55824
L1-I.access-mru-2.c9,85601
L1-I.access-mru-2.node0,379734
L1-I.access-mru-2.node1,172087
L1-I.access-mru-2.total,551821
L1-I.access-mru-3.c0,2499
L1-I.access-mru-3.c1,6
L1-I.access-mru-3.c10,23552
L1-I.access-mru-3.c11,16592
L1-I.access-mru-3.c2,19295
L1-I.access-mru-3.c3,5489
L1-I.access-mru-3.c4,4296
L1-I.access-mru-3.c5,39516
L1-I.access-mru-3.c6,29570
L1-I.access-mru-3.c7,35628
L1-I.access-mru-3.c8,25311
L1-I.access-mru-3.c9,33273
L1-I.access-mru-3.node0,154787
L1-I.access-mru-3.node1,80240
L1-I.access-mru-3.total,235027
L1-I.backinval-E.c0,859
L1-I.backinval-E.c1,212
L1-I.backinval-E.c10,300
L1-I.backinval-E.c7,4
L1-I.backinval-E.node0,1159
L1-I.backinval-E.node1,216
L1-I.backinval-E.total,1375
L1-I.backinval-S.c0,925
L1-I.backinval-S.c1,256
L1-I.backinval-S.c10,6273
L1-I.backinval-S.c11,436
L1-I.backinval-S.c2,1050
L1-I.backinval-S.c3,865
L1-I.backinval-S.c4,574
L1-I.backinval-S.c5,656
L1-I.backinval-S.c6,1467
L1-I.backinval-S.c7,8467
L1-I.backinval-S.c8,1264
L1-I.backinval-S.c9,1365
L1-I.backinval-S.node0,12561
L1-I.backinval-S.node1,11037
L1-I.backinval-S.total,23598
L1-I.coherency-downgrades.c0,513
L1-I.coherency-downgrades.c1,662
L1-I.coherency-downgrades.c10,54
L1-I.coherency-downgrades.c11,52
L1-I.coherency-downgrades.c2,805
L1-I.coherency-downgrades.c3,530
L1-I.coherency-downgrades.c4,470
L1-I.coherency-downgrades.c5,882
L1-I.coherency-downgrades.c6,303
L1-I.coherency-downgrades.c7,410
L1-I.coherency-downgrades.c8,45
L1-I.coherency-downgrades.c9,256
L1-I.coherency-downgrades.node0,3060
L1-I.coherency-downgrades.node1,1922
L1-I.coherency-downgrades.total,4982
L1-I.coherency-invalidates.c0,1
L1-I.coherency-invalidates.c1,2
L1-I.coherency-invalidates.c10,1
L1-I.coherency-invalidates.c8,1
L1-I.coherency-invalidates.node0,2
L1-I.coherency-invalidates.node1,3
L1-I.coherency-invalidates.total,5
L1-I.evict-E.c0,495
L1-I.evict-E.c1,1
L1-I.evict-E.c10,454
L1-I.evict-E.c11,17
L1-I.evict-E.c2,1
L1-I.evict-E.c5,211
L1-I.evict-E.c6,2
L1-I.evict-E.c7,67
L1-I.evict-E.c8,15
L1-I.evict-E.c9,22
L1-I.evict-E.node0,1201
L1-I.evict-E.node1,84
L1-I.evict-E.total,1285
L1-I.evict-S.c0,67
L1-I.evict-S.c10,5488
L1-I.evict-S.c11,6338
L1-I.evict-S.c2,7142
L1-I.evict-S.c3,7
L1-I.evict-S.c4,227
L1-I.evict-S.c5,12326
L1-I.evict-S.c6,11158
L1-I.evict-S.c7,10711
L1-I.evict-S.c8,9449
L1-I.evict-S.c9,7853
L1-I.evict-S.node0,43464
L1-I.evict-S.node1,27302
L1-I.evict-S.total,70766
L1-I.load-misses-I.c0,2704
L1-I.load-misses-I.c1,625
L1-I.load-misses-I.c10,12721
L1-I.load-misses-I.c11,7298
L1-I.load-misses-I.c2,8656
L1-I.load-misses-I.c3,1212
L1-I.load-misses-I.c4,1172
L1-I.load-misses-I.c5,13667
L1-I.load-misses-I.c6,13103
L1-I.load-misses-I.c7,19625
L1-I.load-misses-I.c8,11177
L1-I.load-misses-I.c9,9701
L1-I.load-misses-I.node0,61578
L1-I.load-misses-I.node1,40083
L1-I.load-misses-I.total,101661
L1-I.load-misses.c0,2704
L1-I.load-misses.c1,625
L1-I.load-misses.c10,12721
L1-I.load-misses.c11,7298
L1-I.load-misses.c2,8656
L1-I.load-misses.c3,1212
L1-I.load-misses.c4,1172
L1-I.load-misses.c5,13667
L1-I.load-misses.c6,13103
L1-I.load-misses.c7,19625
L1-I.load-misses.c8,11177
L1-I.load-misses.c9,9701
L1-I.load-misses.node0,61578
L1-I.load-misses.node1,40083
L1-I.load-misses.total,101661
L1-I.loads-E.c0,1564289
L1-I.loads-E.c1,286804
L1-I.loads-E.c10,332281
L1-I.loads-E.c11,341
L1-I.loads-E.c2,45360
L1-I.loads-E.c3,78
L1-I.loads-E.c4,158
L1-I.loads-E.c5,292485
L1-I.loads-E.c6,5325
L1-I.loads-E.c7,88925
L1-I.loads-E.c8,494
L1-I.loads-E.c9,28931
L1-I.loads-E.node0,2223888
L1-I.loads-E.node1,421583
L1-I.loads-E.total,2645471
L1-I.loads-I.c0,2704
L1-I.loads-I.c1,625
L1-I.loads-I.c10,12721
L1-I.loads-I.c11,7298
L1-I.loads-I.c2,8656
L1-I.loads-I.c3,1212
L1-I.loads-I.c4,1172
L1-I.loads-I.c5,13667
L1-I.loads-I.c6,13103
L1-I.loads-I.c7,19625
L1-I.loads-I.c8,11177
L1-I.loads-I.c9,9701
L1-I.loads-I.node0,61578
L1-I.loads-I.node1,40083
L1-I.loads-I.total,101661
L1-I.loads-S.c0,1558435
L1-I.loads-S.c1,86566
L1-I.loads-S.c10,26080623
L1-I.loads-S.c11,15202888
L1-I.loads-S.c2,26671526
L1-I.loads-S.c3,2828730
L1-I.loads-S.c4,10674608
L1-I.loads-S.c5,30133060
L1-I.loads-S.c6,34999496
L1-I.loads-S.c7,29403037
L1-I.loads-S.c8,30379098
L1-I.loads-S.c9,34071007
L1-I.loads-S.node0,155548847
L1-I.loads-S.node1,86540227
L1-I.loads-S.total,242089074
L1-I.loads-where-L1I.c0,3122724
L1-I.loads-where-L1I.c1,373370
L1-I.loads-where-L1I.c10,26412904
L1-I.loads-where-L1I.c11,15203229
L1-I.loads-where-L1I.c2,26716886
L1-I.loads-where-L1I.c3,2828808
L1-I.loads-where-L1I.c4,10674766
L1-I.loads-where-L1I.c5,30425545
L1-I.loads-where-L1I.c6,35004821
L1-I.loads-where-L1I.c7,29491962
L1-I.loads-where-L1I.c8,30379592
L1-I.loads-where-L1I.c9,34099938
L1-I.loads-where-L1I.node0,157772735
L1-I.loads-where-L1I.node1,86961810
L1-I.loads-where-L1I.total,244734545
L1-I.loads-where-L2.c0,26
L1-I.loads-where-L2.c10,3714
L1-I.loads-where-L2.c11,5849
L1-I.loads-where-L2.c2,6531
L1-I.loads-where-L2.c4,205
L1-I.loads-where-L2.c5,12026
L1-I.loads-where-L2.c6,10247
L1-I.loads-where-L2.c7,8133
L1-I.loads-where-L2.c8,8460
L1-I.loads-where-L2.c9,6968
L1-I.loads-where-L2.node0,39035
L1-I.loads-where-L2.node1,23124
L1-I.loads-where-L2.total,62159
L1-I.loads-where-L3.c0,1026
L1-I.loads-where-L3.c1,232
L1-I.loads-where-L3.c10,8157
L1-I.loads-where-L3.c11,1026
L1-I.loads-where-L3.c2,1806
L1-I.loads-where-L3.c3,912
L1-I.loads-where-L3.c4,841
L1-I.loads-where-L3.c5,1108
L1-I.loads-where-L3.c6,2436
L1-I.loads-where-L3.c7,10738
L1-I.loads-where-L3.c8,2207
L1-I.loads-where-L3.c9,2090
L1-I.loads-where-L3.node0,17596
L1-I.loads-where-L3.node1,14983
L1-I.loads-where-L3.total,32579
L1-I.loads-where-cache-remote.c0,61
L1-I.loads-where-cache-remote.c1,1
L1-I.loads-where-cache-remote.c10,200
L1-I.loads-where-cache-remote.c11,273
L1-I.loads-where-cache-remote.c2,26
L1-I.loads-where-cache-remote.c3,194
L1-I.loads-where-cache-remote.c4,23
L1-I.loads-where-cache-remote.c5,43
L1-I.loads-where-cache-remote.c6,60
L1-I.loads-where-cache-remote.c7,186
L1-I.loads-where-cache-remote.c8,235
L1-I.loads-where-cache-remote.c9,144
L1-I.loads-where-cache-remote.node0,998
L1-I.loads-where-cache-remote.node1,448
L1-I.loads-where-cache-remote.total,1446
L1-I.loads-where-dram-local.c0,798
L1-I.loads-where-dram-local.c1,228
L1-I.loads-where-dram-local.c10,317
L1-I.loads-where-dram-local.c11,76
L1-I.loads-where-dram-local.c2,144
L1-I.loads-where-dram-local.c3,52
L1-I.loads-where-dram-local.c4,54
L1-I.loads-where-dram-local.c5,258
L1-I.loads-where-dram-local.c6,195
L1-I.loads-where-dram-local.c7,275
L1-I.loads-where-dram-local.c8,139
L1-I.loads-where-dram-local.c9,250
L1-I.loads-where-dram-local.node0,2000
L1-I.loads-where-dram-local.node1,786
L1-I.loads-where-dram-local.total,2786
L1-I.loads-where-dram-remote.c0,793
L1-I.loads-where-dram-remote.c1,164
L1-I.loads-where-dram-remote.c10,333
L1-I.loads-where-dram-remote.c11,74
L1-I.loads-where-dram-remote.c2,149
L1-I.loads-where-dram-remote.c3,54
L1-I.loads-where-dram-remote.c4,49
L1-I.loads-where-dram-remote.c5,232
L1-I.loads-where-dram-remote.c6,165
L1-I.loads-where-dram-remote.c7,293
L1-I.loads-where-dram-remote.c8,136
L1-I.loads-where-dram-remote.c9,249
L1-I.loads-where-dram-remote.node0,1949
L1-I.loads-where-dram-remote.node1,742
L1-I.loads-where-dram-remote.total,2691
L1-I.loads.c0,3125428
L1-I.loads.c1,373995
L1-I.loads.c10,26425625
L1-I.loads.c11,15210527
L1-I.loads.c2,26725542
L1-I.loads.c3,2830020
L1-I.loads.c4,10675938
L1-I.loads.c5,30439212
L1-I.loads.c6,35017924
L1-I.loads.c7,29511587
L1-I.loads.c8,30390769
L1-I.loads.c9,34109639
L1-I.loads.node0,157834313
L1-I.loads.node1,87001893
L1-I.loads.total,244836206
L1-I.total-latency.c0,121578934040
L1-I.total-latency.c1,25612700885
L1-I.total-latency.c10,134127839055
L1-I.total-latency.c11,47010931560
L1-I.total-latency.c2,56006608900
L1-I.total-latency.c3,18454110250
L1-I.total-latency.c4,13158097425
L1-I.total-latency.c5,89361190595
L1-I.total-latency.c6,77769165175
L1-I.total-latency.c7,175380785970
L1-I.total-latency.c8,72227157170
L1-I.total-latency.c9,76924146470
L1-I.total-latency.node0,578384414570
L1-I.total-latency.node1,329227252925
L1-I.total-latency.total,907611667495
L2.access-mru-0.c0,1576
L2.access-mru-0.c1,3
L2.access-mru-0.c10,692895
L2.access-mru-0.c11,492853
L2.access-mru-0.c2,728551
L2.access-mru-0.c3,52
L2.access-mru-0.c4,7689
L2.access-mru-0.c5,952824
L2.access-mru-0.c6,948420
L2.access-mru-0.c7,995366
L2.access-mru-0.c8,748358
L2.access-mru-0.c9,1423691
L2.access-mru-0.node0,4520000
L2.access-mru-0.node1,2472278
L2.access-mru-0.total,6992278
L2.access-mru-1.c0,2406
L2.access-mru-1.c1,1
L2.access-mru-1.c10,337770
L2.access-mru-1.c11,151689
L2.access-mru-1.c2,233592
L2.access-mru-1.c3,171
L2.access-mru-1.c4,1507
L2.access-mru-1.c5,274222
L2.access-mru-1.c6,293029
L2.access-mru-1.c7,461369
L2.access-mru-1.c8,234908
L2.access-mru-1.c9,429955
L2.access-mru-1.node0,1490749
L2.access-mru-1.node1,929870
L2.access-mru-1.total,2420619
L2.access-mru-2.c0,2141
L2.access-mru-2.c1,53
L2.access-mru-2.c10,162043
L2.access-mru-2.c11,22578
L2.access-mru-2.c2,33582
L2.access-mru-2.c3,63
L2.access-mru-2.c4,427
L2.access-mru-2.c5,35218
L2.access-mru-2.c6,62433
L2.access-mru-2.c7,191995
L2.access-mru-2.c8,48202
L2.access-mru-2.c9,58497
L2.access-mru-2.node0,343400
L2.access-mru-2.node1,273832
L2.access-mru-2.total,617232
L2.access-mru-3.c0,1600
L2.access-mru-3.c1,69
L2.access-mru-3.c10,47198
L2.access-mru-3.c11,8473
L2.access-mru-3.c2,10087
L2.access-mru-3.c3,27
L2.access-mru-3.c4,125
L2.access-mru-3.c5,7940
L2.access-mru-3.c6,42680
L2.access-mru-3.c7,59395
L2.access-mru-3.c8,26911
L2.access-mru-3.c9,27729
L2.access-mru-3.node0,135772
L2.access-mru-3.node1,96462
L2.access-mru-3.total,232234
L2.access-mru-4.c0,1386
L2.access-mru-4.c1,22
L2.access-mru-4.c10,24103
L2.access-mru-4.c11,4529
L2.access-mru-4.c2,3791
L2.access-mru-4.c3,7
L2.access-mru-4.c4,26
L2.access-mru-4.c5,3027
L2.access-mru-4.c6,27273
L2.access-mru-4.c7,31480
L2.access-mru-4.c8,17007
L2.access-mru-4.c9,16607
L2.access-mru-4.node0,76958
L2.access-mru-4.node1,52300
L2.access-mru-4.total,129258
L2.access-mru-5.c0,1088
L2.access-mru-5.c1,2
L2.access-mru-5.c10,15588
L2.access-mru-5.c11,2036
L2.access-mru-5.c2,2383
L2.access-mru-5.c3,4
L2.access-mru-5.c4,7
L2.access-mru-5.c5,1215
L2.access-mru-5.c6,15986
L2.access-mru-5.c7,21072
L2.access-mru-5.c8,10254
L2.access-mru-5.c9,9666
L2.access-mru-5.node0,45590
L2.access-mru-5.node1,33711
L2.access-mru-5.total,79301
L2.access-mru-6.c0,1075
L2.access-mru-6.c1,1
L2.access-mru-6.c10,9982
L2.access-mru-6.c11,907
L2.access-mru-6.c2,1267
L2.access-mru-6.c3,1
L2.access-mru-6.c4,13
L2.access-mru-6.c5,702
L2.access-mru-6.c6,7285
L2.access-mru-6.c7,13953
L2.access-mru-6.c8,5996
L2.access-mru-6.c9,4852
L2.access-mru-6.node0,24817
L2.access-mru-6.node1,21217
L2.access-mru-6.total,46034
L2.access-mru-7.c0,1016
L2.access-mru-7.c10,7209
L2.access-mru-7.c11,211
L2.access-mru-7.c2,509
L2.access-mru-7.c3,1
L2.access-mru-7.c4,6
L2.access-mru-7.c5,364
L2.access-mru-7.c6,3358
L2.access-mru-7.c7,9618
L2.access-mru-7.c8,2926
L2.access-mru-7.c9,1994
L2.access-mru-7.node0,14159
L2.access-mru-7.node1,13053
L2.access-mru-7.total,27212
L2.backinval-E.c0,170
L2.backinval-E.c1,3613
L2.backinval-E.c2,14
L2.backinval-E.c3,2
L2.backinval-E.c4,15
L2.backinval-E.c5,22
L2.backinval-E.c6,31
L2.backinval-E.c8,8
L2.backinval-E.node0,240
L2.backinval-E.node1,3635
L2.backinval-E.total,3875
L2.backinval-M.c0,7601
L2.backinval-M.c1,141
L2.backinval-M.c10,14
L2.backinval-M.c11,250
L2.backinval-M.c2,400
L2.backinval-M.c3,112
L2.backinval-M.c4,223
L2.backinval-M.c5,1507
L2.backinval-M.c6,340
L2.backinval-M.c7,240
L2.backinval-M.c8,59
L2.backinval-M.c9,38
L2.backinval-M.node0,10085
L2.backinval-M.node1,840
L2.backinval-M.total,10925
L2.backinval-S.c0,993
L2.backinval-S.c1,3090
L2.backinval-S.c10,25
L2.backinval-S.c11,31
L2.backinval-S.c2,296
L2.backinval-S.c3,578
L2.backinval-S.c4,6588
L2.backinval-S.c5,279
L2.backinval-S.c6,295
L2.backinval-S.c7,272
L2.backinval-S.c8,29
L2.backinval-S.c9,28
L2.backinval-S.node0,8817
L2.backinval-S.node1,3687
L2.backinval-S.total,12504
L2.coherency-downgrades.c0,1731
L2.coherency-downgrades.c1,9515
L2.coherency-downgrades.c10,30984
L2.coherency-downgrades.c11,6593
L2.coherency-downgrades.c2,48187
L2.coherency-downgrades.c3,21897
L2.coherency-downgrades.c4,58683
L2.coherency-downgrades.c5,8805
L2.coherency-downgrades.c6,41575
L2.coherency-downgrades.c7,7089
L2.coherency-downgrades.c8,36238
L2.coherency-downgrades.c9,5061
L2.coherency-downgrades.node0,175329
L2.coherency-downgrades.node1,101029
L2.coherency-downgrades.total,276358
L2.coherency-invalidates.c0,672
L2.coherency-invalidates.c1,975
L2.coherency-invalidates.c10,3241
L2.coherency-invalidates.c11,1627
L2.coherency-invalidates.c2,2259
L2.coherency-invalidates.c3,786
L2.coherency-invalidates.c4,1278
L2.coherency-invalidates.c5,1652
L2.coherency-invalidates.c6,2170
L2.coherency-invalidates.c7,1261
L2.coherency-invalidates.c8,2363
L2.coherency-invalidates.c9,1512
L2.coherency-invalidates.node0,12938
L2.coherency-invalidates.node1,6858
L2.coherency-invalidates.total,19796
L2.coherency-upgrades.c0,32
L2.coherency-upgrades.c1,18
L2.coherency-upgrades.c10,49
L2.coherency-upgrades.c11,30
L2.coherency-upgrades.c2,94
L2.coherency-upgrades.c3,49
L2.coherency-upgrades.c4,108
L2.coherency-upgrades.c5,118
L2.coherency-upgrades.c6,81
L2.coherency-upgrades.c7,86
L2.coherency-upgrades.c8,129
L2.coherency-upgrades.c9,35
L2.coherency-upgrades.node0,502
L2.coherency-upgrades.node1,327
L2.coherency-upgrades.total,829
L2.coherency-writebacks.c0,664
L2.coherency-writebacks.c1,89
L2.coherency-writebacks.c10,2825
L2.coherency-writebacks.c11,2376
L2.coherency-writebacks.c2,3003
L2.coherency-writebacks.c3,914
L2.coherency-writebacks.c4,1977
L2.coherency-writebacks.c5,3106
L2.coherency-writebacks.c6,4052
L2.coherency-writebacks.c7,2058
L2.coherency-writebacks.c8,3331
L2.coherency-writebacks.c9,2952
L2.coherency-writebacks.node0,18866
L2.coherency-writebacks.node1,8481
L2.coherency-writebacks.total,27347
L2.evict-E.c0,17614
L2.evict-E.c1,163372
L2.evict-E.c10,7039
L2.evict-E.c11,1236
L2.evict-E.c2,3944
L2.evict-E.c3,428
L2.evict-E.c4,30
L2.evict-E.c5,6220
L2.evict-E.c6,6922
L2.evict-E.c7,8616
L2.evict-E.c8,2655
L2.evict-E.c9,8844
L2.evict-E.node0,48333
L2.evict-E.node1,178587
L2.evict-E.total,226920
L2.evict-M.c0,134216
L2.evict-M.c1,163065
L2.evict-M.c10,42826
L2.evict-M.c11,7259
L2.evict-M.c2,12048
L2.evict-M.c3,737
L2.evict-M.c4,386
L2.evict-M.c5,20934
L2.evict-M.c6,29268
L2.evict-M.c7,74776
L2.evict-M.c8,23275
L2.evict-M.c9,29327
L2.evict-M.node0,264953
L2.evict-M.node1,273164
L2.evict-M.total,538117
L2.evict-S.c0,11832
L2.evict-S.c1,282
L2.evict-S.c10,54507
L2.evict-S.c11,25283
L2.evict-S.c2,40608
L2.evict-S.c3,13160
L2.evict-S.c4,22287
L2.evict-S.c5,16393
L2.evict-S.c6,30351
L2.evict-S.c7,32482
L2.evict-S.c8,44624
L2.evict-S.c9,23627
L2.evict-S.node0,197440
L2.evict-S.node1,117996
L2.evict-S.total,315436
L2.load-misses-E.c0,600
L2.load-misses-E.c1,7
L2.load-misses-E.c10,500
L2.load-misses-E.c11,370
L2.load-misses-E.c2,211
L2.load-misses-E.c3,284
L2.load-misses-E.c4,226
L2.load-misses-E.c5,317
L2.load-misses-E.c6,299
L2.load-misses-E.c7,369
L2.load-misses-E.c8,327
L2.load-misses-E.c9,165
L2.load-misses-E.node0,2761
L2.load-misses-E.node1,914
L2.load-misses-E.total,3675
L2.load-misses-I.c0,105399
L2.load-misses-I.c1,205165
L2.load-misses-I.c10,78811
L2.load-misses-I.c11,40812
L2.load-misses-I.c2,59531
L2.load-misses-I.c3,23204
L2.load-misses-I.c4,44010
L2.load-misses-I.c5,47371
L2.load-misses-I.c6,59502
L2.load-misses-I.c7,58384
L2.load-misses-I.c8,66501
L2.load-misses-I.c9,44908
L2.load-misses-I.node0,444017
L2.load-misses-I.node1,389581
L2.load-misses-I.total,833598
L2.load-misses-S.c0,90
L2.load-misses-S.c1,4
L2.load-misses-S.c10,1157
L2.load-misses-S.c11,114
L2.load-misses-S.c2,81
L2.load-misses-S.c3,16
L2.load-misses-S.c4,29
L2.load-misses-S.c5,108
L2.load-misses-S.c6,90
L2.load-misses-S.c7,177
L2.load-misses-S.c8,157
L2.load-misses-S.c9,253
L2.load-misses-S.node0,1857
L2.load-misses-S.node1,419
L2.load-misses-S.total,2276
L2.load-misses.c0,106089
L2.load-misses.c1,205176
L2.load-misses.c10,80468
L2.load-misses.c11,41296
L2.load-misses.c2,59823
L2.load-misses.c3,23504
L2.load-misses.c4,44265
L2.load-misses.c5,47796
L2.load-misses.c6,59891
L2.load-misses.c7,58930
L2.load-misses.c8,66985
L2.load-misses.c9,45326
L2.load-misses.node0,448635
L2.load-misses.node1,390914
L2.load-misses.total,839549
L2.load-overlapping-misses.c0,4
L2.load-overlapping-misses.c10,3
L2.load-overlapping-misses.c11,2
L2.load-overlapping-misses.c2,2
L2.load-overlapping-misses.c3,10
L2.load-overlapping-misses.c4,6
L2.load-overlapping-misses.c5,2
L2.load-overlapping-misses.c7,1
L2.load-overlapping-misses.c8,1
L2.load-overlapping-misses.c9,5
L2.load-overlapping-misses.node0,32
L2.load-overlapping-misses.node1,4
L2.load-overlapping-misses.total,36
L2.loads-E.c0,1955
L2.loads-E.c1,42
L2.loads-E.c10,7964
L2.loads-E.c11,2407
L2.loads-E.c2,5497
L2.loads-E.c3,303
L2.loads-E.c4,8459
L2.loads-E.c5,2820
L2.loads-E.c6,10948
L2.loads-E.c7,2711
L2.loads-E.c8,11948
L2.loads-E.c9,5284
L2.loads-E.node0,40140
L2.loads-E.node1,20198
L2.loads-E.total,60338
L2.loads-I.c0,105399
L2.loads-I.c1,205165
L2.loads-I.c10,78811
L2.loads-I.c11,40812
L2.loads-I.c2,59531
L2.loads-I.c3,23204
L2.loads-I.c4,44010
L2.loads-I.c5,47371
L2.loads-I.c6,59502
L2.loads-I.c7,58384
L2.loads-I.c8,66501
L2.loads-I.c9,44908
L2.loads-I.node0,444017
L2.loads-I.node1,389581
L2.loads-I.total,833598
L2.loads-M.c0,10026
L2.loads-M.c1,28
L2.loads-M.c10,904558
L2.loads-M.c11,424789
L2.loads-M.c2,606353
L2.loads-M.c3,98
L2.loads-M.c4,666
L2.loads-M.c5,665195
L2.loads-M.c6,806530
L2.loads-M.c7,1172228
L2.loads-M.c8,635573
L2.loads-M.c9,1179448
L2.loads-M.node0,3991310
L2.loads-M.node1,2414182
L2.loads-M.total,6405492
L2.loads-S.c0,876
L2.loads-S.c1,74
L2.loads-S.c10,26798
L2.loads-S.c11,18717
L2.loads-S.c2,24612
L2.loads-S.c3,192
L2.loads-S.c4,557
L2.loads-S.c5,40394
L2.loads-S.c6,40570
L2.loads-S.c7,39695
L2.loads-S.c8,30446
L2.loads-S.c9,43430
L2.loads-S.node0,171534
L2.loads-S.node1,94827
L2.loads-S.total,266361
L2.loads.c0,118256
L2.loads.c1,205309
L2.loads.c10,1018131
L2.loads.c11,486725
L2.loads.c2,695993
L2.loads.c3,23797
L2.loads.c4,53692
L2.loads.c5,755780
L2.loads.c6,917550
L2.loads.c7,1273018
L2.loads.c8,744468
L2.loads.c9,1273070
L2.loads.node0,4647001
L2.loads.node1,2918788
L2.loads.total,7565789
L2.store-misses-E.c0,60720
L2.store-misses-E.c1,37081
L2.store-misses-E.c10,2417
L2.store-misses-E.c11,628
L2.store-misses-E.c2,508
L2.store-misses-E.c3,430
L2.store-misses-E.c4,406
L2.store-misses-E.c5,744
L2.store-misses-E.c6,782
L2.store-misses-E.c7,731
L2.store-misses-E.c8,794
L2.store-misses-E.c9,474
L2.store-misses-E.node0,66601
L2.store-misses-E.node1,39114
L2.store-misses-E.total,105715
L2.store-misses-I.c0,76587
L2.store-misses-I.c1,129830
L2.store-misses-I.c10,38092
L2.store-misses-I.c11,16952
L2.store-misses-I.c2,22874
L2.store-misses-I.c3,1197
L2.store-misses-I.c4,2396
L2.store-misses-I.c5,21668
L2.store-misses-I.c6,34104
L2.store-misses-I.c7,69395
L2.store-misses-I.c8,29958
L2.store-misses-I.c9,41680
L2.store-misses-I.node0,232676
L2.store-misses-I.node1,252057
L2.store-misses-I.total,484733
L2.store-misses-S.c0,4608
L2.store-misses-S.c1,17
L2.store-misses-S.c10,4246
L2.store-misses-S.c11,748
L2.store-misses-S.c2,738
L2.store-misses-S.c3,33
L2.store-misses-S.c4,380
L2.store-misses-S.c5,945
L2.store-misses-S.c6,1026
L2.store-misses-S.c7,894
L2.store-misses-S.c8,1193
L2.store-misses-S.c9,1111
L2.store-misses-S.node0,13097
L2.store-misses-S.node1,2842
L2.store-misses-S.total,15939
L2.store-misses.c0,141915
L2.store-misses.c1,166928
L2.store-misses.c10,44755
L2.store-misses.c11,18328
L2.store-misses.c2,24120
L2.store-misses.c3,1660
L2.store-misses.c4,3182
L2.store-misses.c5,23357
L2.store-misses.c6,35912
L2.store-misses.c7,71020
L2.store-misses.c8,31945
L2.store-misses.c9,43265
L2.store-misses.node0,312374
L2.store-misses.node1,294013
L2.store-misses.total,606387
L2.store-overlapping-misses.c0,290
L2.store-overlapping-misses.c1,1
L2.store-overlapping-misses.c10,31
L2.store-overlapping-misses.c11,1
L2.store-overlapping-misses.c2,12
L2.store-overlapping-misses.c3,2
L2.store-overlapping-misses.c5,7
L2.store-overlapping-misses.c6,15
L2.store-overlapping-misses.c7,18
L2.store-overlapping-misses.c8,2
L2.store-overlapping-misses.c9,6
L2.store-overlapping-misses.node0,352
L2.store-overlapping-misses.node1,33
L2.store-overlapping-misses.total,385
L2.stores-E.c0,60720
L2.stores-E.c1,37081
L2.stores-E.c10,2417
L2.stores-E.c11,628
L2.stores-E.c2,508
L2.stores-E.c3,430
L2.stores-E.c4,406
L2.stores-E.c5,744
L2.stores-E.c6,782
L2.stores-E.c7,731
L2.stores-E.c8,794
L2.stores-E.c9,474
L2.stores-E.node0,66601
L2.stores-E.node1,39114
L2.stores-E.total,105715
L2.stores-I.c0,76587
L2.stores-I.c1,129830
L2.stores-I.c10,38092
L2.stores-I.c11,16952
L2.stores-I.c2,22874
L2.stores-I.c3,1197
L2.stores-I.c4,2396
L2.stores-I.c5,21668
L2.stores-I.c6,34104
L2.stores-I.c7,69395
L2.stores-I.c8,29958
L2.stores-I.c9,41680
L2.stores-I.node0,232676
L2.stores-I.node1,252057
L2.stores-I.total,484733
L2.stores-M.c0,121
L2.stores-M.c1,18
L2.stores-M.c10,359125
L2.stores-M.c11,237847
L2.stores-M.c2,377592
L2.stores-M.c3,33
L2.stores-M.c4,373
L2.stores-M.c5,567528
L2.stores-M.c6,542805
L2.stores-M.c7,570160
L2.stores-M.c8,417079
L2.stores-M.c9,745247
L2.stores-M.node0,2453079
L2.stores-M.node1,1364849
L2.stores-M.total,3817928
L2.stores-S.c0,4608
L2.stores-S.c1,17
L2.stores-S.c10,4246
L2.stores-S.c11,748
L2.stores-S.c2,738
L2.stores-S.c3,33
L2.stores-S.c4,380
L2.stores-S.c5,945
L2.stores-S.c6,1026
L2.stores-S.c7,894
L2.stores-S.c8,1193
L2.stores-S.c9,1111
L2.stores-S.node0,13097
L2.stores-S.node1,2842
L2.stores-S.total,15939
L2.stores.c0,142036
L2.stores.c1,166946
L2.stores.c10,403880
L2.stores.c11,256175
L2.stores.c2,401712
L2.stores.c3,1693
L2.stores.c4,3555
L2.stores.c5,590885
L2.stores.c6,578717
L2.stores.c7,641180
L2.stores.c8,449024
L2.stores.c9,788512
L2.stores.node0,2765453
L2.stores.node1,1658862
L2.stores.total,4424315
L3.access-mru-0.c0,57675
L3.access-mru-0.c8,50452
L3.access-mru-0.node0,57675
L3.access-mru-0.node1,50452
L3.access-mru-0.total,108127
L3.access-mru-1.c0,36752
L3.access-mru-1.c8,23976
L3.access-mru-1.node0,36752
L3.access-mru-1.node1,23976
L3.access-mru-1.total,60728
L3.access-mru-10.c0,1595
L3.access-mru-10.c8,580
L3.access-mru-10.node0,1595
L3.access-mru-10.node1,580
L3.access-mru-10.total,2175
L3.access-mru-11.c0,5443
L3.access-mru-11.c8,417
L3.access-mru-11.node0,5443
L3.access-mru-11.node1,417
L3.access-mru-11.total,5860
L3.access-mru-12.c0,5528
L3.access-mru-12.c8,312
L3.access-mru-12.node0,5528
L3.access-mru-12.node1,312
L3.access-mru-12.total,5840
L3.access-mru-13.c0,5604
L3.access-mru-13.c8,313
L3.access-mru-13.node0,5604
L3.access-mru-13.node1,313
L3.access-mru-13.total,5917
L3.access-mru-14.c0,4863
L3.access-mru-14.c8,367
L3.access-mru-14.node0,4863
L3.access-mru-14.node1,367
L3.access-mru-14.total,5230
L3.access-mru-15.c0,5726
L3.access-mru-15.c8,300
L3.access-mru-15.node0,5726
L3.access-mru-15.node1,300
L3.access-mru-15.total,6026
L3.access-mru-2.c0,30003
L3.access-mru-2.c8,13972
L3.access-mru-2.node0,30003
L3.access-mru-2.node1,13972
L3.access-mru-2.total,43975
L3.access-mru-3.c0,31069
L3.access-mru-3.c8,8621
L3.access-mru-3.node0,31069
L3.access-mru-3.node1,8621
L3.access-mru-3.total,39690
L3.access-mru-4.c0,22489
L3.access-mru-4.c8,4722
L3.access-mru-4.node0,22489
L3.access-mru-4.node1,4722
L3.access-mru-4.total,27211
L3.access-mru-5.c0,17721
L3.access-mru-5.c8,3261
L3.access-mru-5.node0,17721
L3.access-mru-5.node1,3261
L3.access-mru-5.total,20982
L3.access-mru-6.c0,11916
L3.access-mru-6.c8,2238
L3.access-mru-6.node0,11916
L3.access-mru-6.node1,2238
L3.access-mru-6.total,14154
L3.access-mru-7.c0,5180
L3.access-mru-7.c8,1659
L3.access-mru-7.node0,5180
L3.access-mru-7.node1,1659
L3.access-mru-7.total,6839
L3.access-mru-8.c0,2352
L3.access-mru-8.c8,1269
L3.access-mru-8.node0,2352
L3.access-mru-8.node1,1269
L3.access-mru-8.total,3621
L3.access-mru-9.c0,1381
L3.access-mru-9.c8,907
L3.access-mru-9.node0,1381
L3.access-mru-9.node1,907
L3.access-mru-9.total,2288
L3.coherency-downgrades.c0,69851
L3.coherency-downgrades.c8,48941
L3.coherency-downgrades.node0,69851
L3.coherency-downgrades.node1,48941
L3.coherency-downgrades.total,118792
L3.coherency-invalidates.c0,12890
L3.coherency-invalidates.c8,9718
L3.coherency-invalidates.node0,12890
L3.coherency-invalidates.node1,9718
L3.coherency-invalidates.total,22608
L3.coherency-upgrades.c0,8727
L3.coherency-upgrades.c8,8690
L3.coherency-upgrades.node0,8727
L3.coherency-upgrades.node1,8690
L3.coherency-upgrades.total,17417
L3.coherency-writebacks.c0,14436
L3.coherency-writebacks.c8,10917
L3.coherency-writebacks.node0,14436
L3.coherency-writebacks.node1,10917
L3.coherency-writebacks.total,25353
L3.evict-E.c0,177132
L3.evict-E.c8,134
L3.evict-E.node0,177132
L3.evict-E.node1,134
L3.evict-E.total,177266
L3.evict-M.c0,257279
L3.evict-M.c8,17863
L3.evict-M.node0,257279
L3.evict-M.node1,17863
L3.evict-M.total,275142
L3.evict-S.c0,57476
L3.evict-S.c8,14596
L3.evict-S.node0,57476
L3.evict-S.node1,14596
L3.evict-S.total,72072
L3.load-misses-E.c0,600
L3.load-misses-E.c1,7
L3.load-misses-E.c10,500
L3.load-misses-E.c11,370
L3.load-misses-E.c2,211
L3.load-misses-E.c3,284
L3.load-misses-E.c4,226
L3.load-misses-E.c5,317
L3.load-misses-E.c6,299
L3.load-misses-E.c7,369
L3.load-misses-E.c8,327
L3.load-misses-E.c9,165
L3.load-misses-E.node0,2761
L3.load-misses-E.node1,914
L3.load-misses-E.total,3675
L3.load-misses-I.c0,89870
L3.load-misses-I.c1,204569
L3.load-misses-I.c10,48591
L3.load-misses-I.c11,23568
L3.load-misses-I.c2,13405
L3.load-misses-I.c3,1152
L3.load-misses-I.c4,34340
L3.load-misses-I.c5,14422
L3.load-misses-I.c6,28783
L3.load-misses-I.c7,15764
L3.load-misses-I.c8,55507
L3.load-misses-I.c9,10236
L3.load-misses-I.node0,250962
L3.load-misses-I.node1,289245
L3.load-misses-I.total,540207
L3.load-misses-S.c0,68
L3.load-misses-S.c1,3
L3.load-misses-S.c10,1120
L3.load-misses-S.c11,110
L3.load-misses-S.c2,70
L3.load-misses-S.c3,9
L3.load-misses-S.c4,20
L3.load-misses-S.c5,106
L3.load-misses-S.c6,92
L3.load-misses-S.c7,182
L3.load-misses-S.c8,163
L3.load-misses-S.c9,245
L3.load-misses-S.node0,1770
L3.load-misses-S.node1,418
L3.load-misses-S.total,2188
L3.load-misses-u,1
L3.load-misses.c0,90538
L3.load-misses.c1,204579
L3.load-misses.c10,50211
L3.load-misses.c11,24048
L3.load-misses.c2,13686
L3.load-misses.c3,1445
L3.load-misses.c4,34586
L3.load-misses.c5,14845
L3.load-misses.c6,29174
L3.load-misses.c7,16315
L3.load-misses.c8,55998
L3.load-misses.c9,10646
L3.load-misses.node0,255493
L3.load-misses.node1,290578
L3.load-misses.total,546071
L3.load-overlapping-misses.c0,222
L3.load-overlapping-misses.c1,5
L3.load-overlapping-misses.c10,1002
L3.load-overlapping-misses.c11,140
L3.load-overlapping-misses.c2,110
L3.load-overlapping-misses.c3,46
L3.load-overlapping-misses.c4,66
L3.load-overlapping-misses.c5,196
L3.load-overlapping-misses.c6,156
L3.load-overlapping-misses.c7,305
L3.load-overlapping-misses.c8,214
L3.load-overlapping-misses.c9,210
L3.load-overlapping-misses.node0,2038
L3.load-overlapping-misses.node1,634
L3.load-overlapping-misses.total,2672
L3.loads-E.c0,3523
L3.loads-E.c1,189
L3.loads-E.c10,5410
L3.loads-E.c11,8013
L3.loads-E.c2,9657
L3.loads-E.c3,13941
L3.loads-E.c4,1625
L3.loads-E.c5,13359
L3.loads-E.c6,5512
L3.loads-E.c7,12527
L3.loads-E.c8,2904
L3.loads-E.c9,10940
L3.loads-E.node0,62323
L3.loads-E.node1,25277
L3.loads-E.total,87600
L3.loads-I.c0,89870
L3.loads-I.c1,204569
L3.loads-I.c10,48591
L3.loads-I.c11,23568
L3.loads-I.c2,13405
L3.loads-I.c3,1152
L3.loads-I.c4,34340
L3.loads-I.c5,14422
L3.loads-I.c6,28783
L3.loads-I.c7,15764
L3.loads-I.c8,55507
L3.loads-I.c9,10236
L3.loads-I.node0,250962
L3.loads-I.node1,289245
L3.loads-I.total,540207
L3.loads-M.c0,8153
L3.loads-M.c1,189
L3.loads-M.c10,7555
L3.loads-M.c11,705
L3.loads-M.c2,28111
L3.loads-M.c3,7415
L3.loads-M.c4,7374
L3.loads-M.c5,9863
L3.loads-M.c6,17280
L3.loads-M.c7,10449
L3.loads-M.c8,1002
L3.loads-M.c9,1766
L3.loads-M.node0,60111
L3.loads-M.node1,39751
L3.loads-M.total,99862
L3.loads-S.c0,4543
L3.loads-S.c1,229
L3.loads-S.c10,18912
L3.loads-S.c11,9010
L3.loads-S.c2,8650
L3.loads-S.c3,996
L3.loads-S.c4,926
L3.loads-S.c5,10152
L3.loads-S.c6,8316
L3.loads-S.c7,20190
L3.loads-S.c8,7571
L3.loads-S.c9,22384
L3.loads-S.node0,75239
L3.loads-S.node1,36640
L3.loads-S.total,111879
L3.loads-u,1
L3.loads.c0,106089
L3.loads.c1,205176
L3.loads.c10,80468
L3.loads.c11,41296
L3.loads.c2,59823
L3.loads.c3,23504
L3.loads.c4,44265
L3.loads.c5,47796
L3.loads.c6,59891
L3.loads.c7,58930
L3.loads.c8,66985
L3.loads.c9,45326
L3.loads.node0,448635
L3.loads.node1,390914
L3.loads.total,839549
L3.mshr-latency.c0,13317470
L3.mshr-latency.c1,122559740
L3.mshr-latency.c2,237491645
L3.mshr-latency.c3,91481190
L3.mshr-latency.c4,80307320
L3.mshr-latency.c5,183454735
L3.mshr-latency.c6,270631330
L3.mshr-latency.c7,164443320
L3.mshr-latency.c8,64178960
L3.mshr-latency.c9,174959495
L3.mshr-latency.node0,814151540
L3.mshr-latency.node1,588673665
L3.mshr-latency.total,1402825205
L3.snoop-latency.c0,270317911500
L3.snoop-latency.c1,1659089250
L3.snoop-latency.c10,63045391500
L3.snoop-latency.c11,19227253500
L3.snoop-latency.c2,108477164250
L3.snoop-latency.c3,176295278250
L3.snoop-latency.c4,173045281500
L3.snoop-latency.c5,228045226500
L3.snoop-latency.c6,100068081750
L3.snoop-latency.c7,193886169750
L3.snoop-latency.c8,29249970750
L3.snoop-latency.c9,48272679000
L3.snoop-latency.node0,1078317103500
L3.snoop-latency.node1,333272394000
L3.snoop-latency.total,1411589497500
L3.store-misses-E.c0,60737
L3.store-misses-E.c1,37081
L3.store-misses-E.c10,2420
L3.store-misses-E.c11,628
L3.store-misses-E.c2,508
L3.store-misses-E.c3,432
L3.store-misses-E.c4,406
L3.store-misses-E.c5,744
L3.store-misses-E.c6,784
L3.store-misses-E.c7,737
L3.store-misses-E.c8,794
L3.store-misses-E.c9,475
L3.store-misses-E.node0,66626
L3.store-misses-E.node1,39120
L3.store-misses-E.total,105746
L3.store-misses-I.c0,76487
L3.store-misses-I.c1,129820
L3.store-misses-I.c10,22574
L3.store-misses-I.c11,16763
L3.store-misses-I.c2,22615
L3.store-misses-I.c3,809
L3.store-misses-I.c4,2248
L3.store-misses-I.c5,21361
L3.store-misses-I.c6,31668
L3.store-misses-I.c7,28487
L3.store-misses-I.c8,26604
L3.store-misses-I.c9,40787
L3.store-misses-I.node0,212697
L3.store-misses-I.node1,207526
L3.store-misses-I.total,420223
L3.store-misses-M.c2,1
L3.store-misses-M.c5,2
L3.store-misses-M.c6,1
L3.store-misses-M.node0,3
L3.store-misses-M.node1,1
L3.store-misses-M.total,4
L3.store-misses-S.c0,4595
L3.store-misses-S.c1,10
L3.store-misses-S.c10,4177
L3.store-misses-S.c11,688
L3.store-misses-S.c2,645
L3.store-misses-S.c3,28
L3.store-misses-S.c4,277
L3.store-misses-S.c5,886
L3.store-misses-S.c6,888
L3.store-misses-S.c7,850
L3.store-misses-S.c8,1129
L3.store-misses-S.c9,1060
L3.store-misses-S.node0,12599
L3.store-misses-S.node1,2634
L3.store-misses-S.total,15233
L3.store-misses.c0,141819
L3.store-misses.c1,166911
L3.store-misses.c10,29171
L3.store-misses.c11,18079
L3.store-misses.c2,23769
L3.store-misses.c3,1269
L3.store-misses.c4,2931
L3.store-misses.c5,22993
L3.store-misses.c6,33341
L3.store-misses.c7,30074
L3.store-misses.c8,28527
L3.store-misses.c9,42322
L3.store-misses.node0,291925
L3.store-misses.node1,249281
L3.store-misses.total,541206
L3.store-overlapping-misses.c0,60925
L3.store-overlapping-misses.c1,17
L3.store-overlapping-misses.c10,2085
L3.store-overlapping-misses.c11,282
L3.store-overlapping-misses.c2,629
L3.store-overlapping-misses.c3,31
L3.store-overlapping-misses.c4,311
L3.store-overlapping-misses.c5,649
L3.store-overlapping-misses.c6,850
L3.store-overlapping-misses.c7,674
L3.store-overlapping-misses.c8,765
L3.store-overlapping-misses.c9,703
L3.store-overlapping-misses.node0,65836
L3.store-overlapping-misses.node1,2085
L3.store-overlapping-misses.total,67921
L3.stores-E.c0,60737
L3.stores-E.c1,37081
L3.stores-E.c10,2420
L3.stores-E.c11,628
L3.stores-E.c2,508
L3.stores-E.c3,432
L3.stores-E.c4,406
L3.stores-E.c5,744
L3.stores-E.c6,784
L3.stores-E.c7,737
L3.stores-E.c8,794
L3.stores-E.c9,475
L3.stores-E.node0,66626
L3.stores-E.node1,39120
L3.stores-E.total,105746
L3.stores-I.c0,76487
L3.stores-I.c1,129820
L3.stores-I.c10,22574
L3.stores-I.c11,16763
L3.stores-I.c2,22615
L3.stores-I.c3,809
L3.stores-I.c4,2248
L3.stores-I.c5,21361
L3.stores-I.c6,31668
L3.stores-I.c7,28487
L3.stores-I.c8,26604
L3.stores-I.c9,40787
L3.stores-I.node0,212697
L3.stores-I.node1,207526
L3.stores-I.total,420223
L3.stores-M.c0,96
L3.stores-M.c1,17
L3.stores-M.c10,15584
L3.stores-M.c11,249
L3.stores-M.c2,352
L3.stores-M.c3,391
L3.stores-M.c4,251
L3.stores-M.c5,366
L3.stores-M.c6,2572
L3.stores-M.c7,40946
L3.stores-M.c8,3418
L3.stores-M.c9,943
L3.stores-M.node0,20452
L3.stores-M.node1,44733
L3.stores-M.total,65185
L3.stores-S.c0,4595
L3.stores-S.c1,10
L3.stores-S.c10,4177
L3.stores-S.c11,688
L3.stores-S.c2,645
L3.stores-S.c3,28
L3.stores-S.c4,277
L3.stores-S.c5,886
L3.stores-S.c6,888
L3.stores-S.c7,850
L3.stores-S.c8,1129
L3.stores-S.c9,1060
L3.stores-S.node0,12599
L3.stores-S.node1,2634
L3.stores-S.total,15233
L3.stores.c0,141915
L3.stores.c1,166928
L3.stores.c10,44755
L3.stores.c11,18328
L3.stores.c2,24120
L3.stores.c3,1660
L3.stores.c4,3182
L3.stores.c5,23357
L3.stores.c6,35912
L3.stores.c7,71020
L3.stores.c8,31945
L3.stores.c9,43265
L3.stores.node0,312374
L3.stores.node1,294013
L3.stores.total,606387
L3.uncore-requests.c0,171017
L3.uncore-requests.c1,334401
L3.uncore-requests.c10,76372
L3.uncore-requests.c11,41097
L3.uncore-requests.c2,36714
L3.uncore-requests.c3,1998
L3.uncore-requests.c4,36885
L3.uncore-requests.c5,36747
L3.uncore-requests.c6,61391
L3.uncore-requests.c7,45267
L3.uncore-requests.c8,83230
L3.uncore-requests.c9,52171
L3.uncore-requests.node0,477678
L3.uncore-requests.node1,499612
L3.uncore-requests.total,977290
L3.uncore-time-dram-bus.c0,191481703920
L3.uncore-time-dram-bus.c1,418377938720
L3.uncore-time-dram-bus.c10,63475641820
L3.uncore-time-dram-bus.c11,22189135480
L3.uncore-time-dram-bus.c2,38710244360
L3.uncore-time-dram-bus.c3,2160856940
L3.uncore-time-dram-bus.c4,45144017600
L3.uncore-time-dram-bus.c5,28590377000
L3.uncore-time-dram-bus.c6,67189262780
L3.uncore-time-dram-bus.c7,38005807500
L3.uncore-time-dram-bus.c8,76031634520
L3.uncore-time-dram-bus.c9,52264710620
L3.uncore-time-dram-bus.node0,472495706160
L3.uncore-time-dram-bus.node1,571125625100
L3.uncore-time-dram-bus.total,1043621331260
L3.uncore-time-dram-device.c0,9182160000000
L3.uncore-time-dram-device.c1,20062560000000
L3.uncore-time-dram-device.c10,3043860000000
L3.uncore-time-dram-device.c11,1064040000000
L3.uncore-time-dram-device.c2,1856280000000
L3.uncore-time-dram-device.c3,103620000000
L3.uncore-time-dram-device.c4,2164800000000
L3.uncore-time-dram-device.c5,1371000000000
L3.uncore-time-dram-device.c6,3221940000000
L3.uncore-time-dram-device.c7,1822500000000
L3.uncore-time-dram-device.c8,3645960000000
L3.uncore-time-dram-device.c9,2506260000000
L3.uncore-time-dram-device.node0,22657680000000
L3.uncore-time-dram-device.node1,27387300000000
L3.uncore-time-dram-device.total,50044980000000
L3.uncore-time-dram-queue.c0,1625464930
L3.uncore-time-dram-queue.c1,10285708615
L3.uncore-time-dram-queue.c10,795856620
L3.uncore-time-dram-queue.c11,866724060
L3.uncore-time-dram-queue.c2,3355305425
L3.uncore-time-dram-queue.c3,73589165
L3.uncore-time-dram-queue.c4,221867115
L3.uncore-time-dram-queue.c5,2680008365
L3.uncore-time-dram-queue.c6,1576829040
L3.uncore-time-dram-queue.c7,4197873805
L3.uncore-time-dram-queue.c8,715870390
L3.uncore-time-dram-queue.c9,544196130
L3.uncore-time-dram-queue.node0,8384535425
L3.uncore-time-dram-queue.node1,18554758235
L3.uncore-time-dram-queue.total,26939293660
L3.uncore-time-noc-base.c0,158536718750
L3.uncore-time-noc-base.c1,287382968750
L3.uncore-time-noc-base.c10,84311093750
L3.uncore-time-noc-base.c11,54882265625
L3.uncore-time-noc-base.c2,36098281250
L3.uncore-time-noc-base.c3,1953437500
L3.uncore-time-noc-base.c4,32217421875
L3.uncore-time-noc-base.c5,42916250000
L3.uncore-time-noc-base.c6,58800468750
L3.uncore-time-noc-base.c7,51091875000
L3.uncore-time-noc-base.c8,90086093750
L3.uncore-time-noc-base.c9,53018125000
L3.uncore-time-noc-base.node0,486635781250
L3.uncore-time-noc-base.node1,464659218750
L3.uncore-time-noc-base.total,951295000000
L3.uncore-time-noc-queue.c0,202015370
L3.uncore-time-noc-queue.c1,8418467080
L3.uncore-time-noc-queue.c10,245919040
L3.uncore-time-noc-queue.c11,135265520
L3.uncore-time-noc-queue.c2,215009710
L3.uncore-time-noc-queue.c3,9950045
L3.uncore-time-noc-queue.c4,48179985
L3.uncore-time-noc-queue.c5,193937540
L3.uncore-time-noc-queue.c6,107331585
L3.uncore-time-noc-queue.c7,206758605
L3.uncore-time-noc-queue.c8,453074315
L3.uncore-time-noc-queue.c9,282316795
L3.uncore-time-noc-queue.node0,1224915880
L3.uncore-time-noc-queue.node1,9293309710
L3.uncore-time-noc-queue.total,10518225590
L3.uncore-time-pending-hit.c0,34886328750
L3.uncore-time-pending-hit.c1,189386174250
L3.uncore-time-pending-hit.c10,1704543750
L3.uncore-time-pending-hit.c2,3386360250
L3.uncore-time-pending-hit.c3,22727250
L3.uncore-time-pending-hit.c4,22727250
L3.uncore-time-pending-hit.c5,3090906000
L3.uncore-time-pending-hit.c6,6090903000
L3.uncore-time-pending-hit.c7,3204542250
L3.uncore-time-pending-hit.c8,1636362000
L3.uncore-time-pending-hit.c9,4863631500
L3.uncore-time-pending-hit.node0,50681767500
L3.uncore-time-pending-hit.node1,197613438750
L3.uncore-time-pending-hit.total,248295206250
L3.uncore-time-remote-cache-fwd.c0,131234259660
L3.uncore-time-remote-cache-fwd.c1,93103290
L3.uncore-time-remote-cache-fwd.c10,199210006170
L3.uncore-time-remote-cache-fwd.c11,227420303040
L3.uncore-time-remote-cache-fwd.c2,46624058670
L3.uncore-time-remote-cache-fwd.c3,2379306300
L3.uncore-time-remote-cache-fwd.c4,3028127935
L3.uncore-time-remote-cache-fwd.c5,125927372130
L3.uncore-time-remote-cache-fwd.c6,61355068110
L3.uncore-time-remote-cache-fwd.c7,135641148720
L3.uncore-time-remote-cache-fwd.c8,209875505280
L3.uncore-time-remote-cache-fwd.c9,86089508820
L3.uncore-time-remote-cache-fwd.node0,836643952165
L3.uncore-time-remote-cache-fwd.node1,392233815960
L3.uncore-time-remote-cache-fwd.total,1228877768125
L3.uncore-time-remote-cache-inv.c0,16072386470
L3.uncore-time-remote-cache-inv.c1,44827510
L3.uncore-time-remote-cache-inv.c10,17313763670
L3.uncore-time-remote-cache-inv.c11,2637926550
L3.uncore-time-remote-cache-inv.c2,2393099380
L3.uncore-time-remote-cache-inv.c3,127585990
L3.uncore-time-remote-cache-inv.c4,1024136190
L3.uncore-time-remote-cache-inv.c5,3324132280
L3.uncore-time-remote-cache-inv.c6,3241373800
L3.uncore-time-remote-cache-inv.c7,3506890590
L3.uncore-time-remote-cache-inv.c8,3862062400
L3.uncore-time-remote-cache-inv.c9,4027579360
L3.uncore-time-remote-cache-inv.node0,47768884310
L3.uncore-time-remote-cache-inv.node1,9806879880
L3.uncore-time-remote-cache-inv.total,57575764190
L3.uncore-time-remote-cache-wb.c0,6568954350
L3.uncore-time-remote-cache-wb.c1,41379240
L3.uncore-time-remote-cache-wb.c10,12175841370
L3.uncore-time-remote-cache-wb.c11,6348811945
L3.uncore-time-remote-cache-wb.c2,5948265750
L3.uncore-time-remote-cache-wb.c3,41379240
L3.uncore-time-remote-cache-wb.c4,2224134150
L3.uncore-time-remote-cache-wb.c5,7862055600
L3.uncore-time-remote-cache-wb.c6,8493089010
L3.uncore-time-remote-cache-wb.c7,7893090030
L3.uncore-time-remote-cache-wb.c8,10920671090
L3.uncore-time-remote-cache-wb.c9,9403432290
L3.uncore-time-remote-cache-wb.node0,53117697955
L3.uncore-time-remote-cache-wb.node1,24803406110
L3.uncore-time-remote-cache-wb.total,77921104065
L3.uncore-time-td-access.c0,689398828020
L3.uncore-time-td-access.c1,1154860105700
L3.uncore-time-td-access.c10,366244204970
L3.uncore-time-td-access.c11,227337544560
L3.uncore-time-td-access.c2,166189372650
L3.uncore-time-td-access.c3,10282741140
L3.uncore-time-td-access.c4,137968730970
L3.uncore-time-td-access.c5,184416927870
L3.uncore-time-td-access.c6,293389156410
L3.uncore-time-td-access.c7,234834083540
L3.uncore-time-td-access.c8,405299310990
L3.uncore-time-td-access.c9,224147894810
L3.uncore-time-td-access.node0,2133186028750
L3.uncore-time-td-access.node1,1961182872880
L3.uncore-time-td-access.total,4094368901630
L3.uncore-totaltime.c0,10412166660220
L3.uncore-totaltime.c1,22131450673155
L3.uncore-totaltime.c10,3789336871160
L3.uncore-totaltime.c11,1605857976780
L3.uncore-totaltime.c2,2159199997445
L3.uncore-totaltime.c3,120671573570
L3.uncore-totaltime.c4,2386699343070
L3.uncore-totaltime.c5,1770001966785
L3.uncore-totaltime.c6,3722183482485
L3.uncore-totaltime.c7,2301082070040
L3.uncore-totaltime.c8,4444840584735
L3.uncore-totaltime.c9,2940901395325
L3.uncore-totaltime.node0,26747819269395
L3.uncore-totaltime.node1,31036573325375
L3.uncore-totaltime.total,57784392594770
barrier.global_time,140764500000000
branch_predictor.num-correct.c0,1361846
branch_predictor.num-correct.c1,153339
branch_predictor.num-correct.c10,19962104
branch_predictor.num-correct.c11,10675700
branch_predictor.num-correct.c2,20099081
branch_predictor.num-correct.c3,73763
branch_predictor.num-correct.c4,4313180
branch_predictor.num-correct.c5,26458100
branch_predictor.num-correct.c6,27052899
branch_predictor.num-correct.c7,25386414
branch_predictor.num-correct.c8,22387519
branch_predictor.num-correct.c9,30969808
branch_predictor.num-correct.node0,120867400
branch_predictor.num-correct.node1,68026353
branch_predictor.num-correct.total,188893753
branch_predictor.num-incorrect.c0,18585
branch_predictor.num-incorrect.c1,1801
branch_predictor.num-incorrect.c10,1169035
branch_predictor.num-incorrect.c11,777684
branch_predictor.num-incorrect.c2,1197973
branch_predictor.num-incorrect.c3,1983
branch_predictor.num-incorrect.c4,4635
branch_predictor.num-incorrect.c5,3378365
branch_predictor.num-incorrect.c6,2037092
branch_predictor.num-incorrect.c7,2857434
branch_predictor.num-incorrect.c8,1683125
branch_predictor.num-incorrect.c9,2343569
branch_predictor.num-incorrect.node0,9730948
branch_predictor.num-incorrect.node1,5740333
branch_predictor.num-incorrect.total,15471281
bus-queue.num-requests,1404821
bus-queue.requests-out-of-order,262512
bus-queue.requests-simultaneous,29
bus-queue.total-delay,10930920725
core.bbv-0.c0,1767344881925
core.bbv-0.c1,51689301046
core.bbv-0.c10,6852296028597
core.bbv-0.c11,7004654957375
core.bbv-0.c2,7235109543561
core.bbv-0.c3,2997948001763
core.bbv-0.c4,3370636473269
core.bbv-0.c5,9825130182928
core.bbv-0.c6,10085669113847
core.bbv-0.c7,9524955115282
core.bbv-0.c8,8989527107470
core.bbv-0.c9,10372836992633
core.bbv-0.node0,52276516632337
core.bbv-0.node1,25801281067359
core.bbv-0.total,78077797699696
core.bbv-1.c0,1641406124489
core.bbv-1.c1,33788981753
core.bbv-1.c10,5733394107579
core.bbv-1.c11,6262028193026
core.bbv-1.c2,6052026617519
core.bbv-1.c3,2678707702957
core.bbv-1.c4,2601012408894
core.bbv-1.c5,9562409716407
core.bbv-1.c6,8765387538808
core.bbv-1.c7,9039715875793
core.bbv-1.c8,7793115104515
core.bbv-1.c9,9259066244180
core.bbv-1.node0,46503412036340
core.bbv-1.node1,22918646579580
core.bbv-1.total,69422058615920
core.bbv-10.c0,1074514596361
core.bbv-10.c1,70384165299
core.bbv-10.c10,6003431118039
core.bbv-10.c11,5230827543140
core.bbv-10.c2,6180664535211
core.bbv-10.c3,1502432158129
core.bbv-10.c4,1646054572196
core.bbv-10.c5,8522769240825
core.bbv-10.c6,8599623460158
core.bbv-10.c7,8464678882611
core.bbv-10.c8,7274450253561
core.bbv-10.c9,10274679558038
core.bbv-10.node0,42854332246886
core.bbv-10.node1,21990177836682
core.bbv-10.total,64844510083568
core.bbv-11.c0,818689350253
core.bbv-11.c1,94962328750
core.bbv-11.c10,10675790276173
core.bbv-11.c11,4956941912415
core.bbv-11.c2,10766871471169
core.bbv-11.c3,759916357259
core.bbv-11.c4,5317574394069
core.bbv-11.c5,9197813012088
core.bbv-11.c6,13333021752615
core.bbv-11.c7,9207832968586
core.bbv-11.c8,11745222663670
core.bbv-11.c9,11399906628713
core.bbv-11.node0,56459653683585
core.bbv-11.node1,31814889432175
core.bbv-11.total,88274543115760
core.bbv-12.c0,1683997407169
core.bbv-12.c1,134662830392
core.bbv-12.c10,8086555766797
core.bbv-12.c11,6518323783317
core.bbv-12.c2,8457772219825
core.bbv-12.c3,2750895376843
core.bbv-12.c4,4917972109719
core.bbv-12.c5,9253343459922
core.bbv-12.c6,11118355440849
core.bbv-12.c7,8979085918220
core.bbv-12.c8,10157814029420
core.bbv-12.c9,9520731947751
core.bbv-12.node0,53850175292367
core.bbv-12.node1,27729334997857
core.bbv-12.total,81579510290224
core.bbv-13.c0,690214412885
core.bbv-13.c1,110344896535
core.bbv-13.c10,10202854122315
core.bbv-13.c11,4559096768884
core.bbv-13.c2,10297573990543
core.bbv-13.c3,757686613661
core.bbv-13.c4,5404545229940
core.bbv-13.c5,8311672279397
core.bbv-13.c6,12624056215814
core.bbv-13.c7,8298368466711
core.bbv-13.c8,11175572177957
core.bbv-13.c9,10333382484670
core.bbv-13.node0,52883508127566
core.bbv-13.node1,29881859531746
core.bbv-13.total,82765367659312
core.bbv-14.c0,1257934097641
core.bbv-14.c1,86299461366
core.bbv-14.c10,6702227658377
core.bbv-14.c11,5624816610387
core.bbv-14.c2,6970815447917
core.bbv-14.c3,1923215270767
core.bbv-14.c4,2860110266193
core.bbv-14.c5,9364990077048
core.bbv-14.c6,9583124376891
core.bbv-14.c7,9006533180962
core.bbv-14.c8,8430928686046
core.bbv-14.c9,9839284765333
core.bbv-14.node0,47155703122637
core.bbv-14.node1,24494576776291
core.bbv-14.total,71650279898928
core.bbv-15.c0,1858771089277
core.bbv-15.c1,59676691925
core.bbv-15.c10,8775952452039
core.bbv-15.c11,6922683445042
core.bbv-15.c2,9164605400651
core.bbv-15.c3,3112184385601
core.bbv-15.c4,5826654165550
core.bbv-15.c5,9787493334923
core.bbv-15.c6,11978191466864
core.bbv-15.c7,9298023415085
core.bbv-15.c8,11041848972183
core.bbv-15.c9,9490870624876
core.bbv-15.node0,57752800964172
core.bbv-15.node1,29564154479844
core.bbv-15.total,87316955444016
core.bbv-2.c0,1442910954125
core.bbv-2.c1,75798724540
core.bbv-2.c10,10109337593793
core.bbv-2.c11,5996673967813
core.bbv-2.c2,10361664093909
core.bbv-2.c3,2357565483895
core.bbv-2.c4,6882657267911
core.bbv-2.c5,8753726004318
core.bbv-2.c6,12880612717305
core.bbv-2.c7,8429704087696
core.bbv-2.c8,11876914045560
core.bbv-2.c9,9062161044015
core.bbv-2.node0,57485645033175
core.bbv-2.node1,30744080951705
core.bbv-2.total,88229725984880
core.bbv-3.c0,1267035599697
core.bbv-3.c1,160909462911
core.bbv-3.c10,9887530713799
core.bbv-3.c11,5632503054472
core.bbv-3.c2,10163580563195
core.bbv-3.c3,2036713458241
core.bbv-3.c4,6498884595536
core.bbv-3.c5,8418316021253
core.bbv-3.c6,12578957649018
core.bbv-3.c7,8243397285199
core.bbv-3.c8,11560471085037
core.bbv-3.c9,9126124447754
core.bbv-3.node0,55446065539770
core.bbv-3.node1,30128358396342
core.bbv-3.total,85574423936112
core.bbv-4.c0,1060417653765
core.bbv-4.c1,25008328921
core.bbv-4.c10,6318422492999
core.bbv-4.c11,5319142734254
core.bbv-4.c2,6508823417771
core.bbv-4.c3,1578370884801
core.bbv-4.c4,2026446096098
core.bbv-4.c5,9111556372655
core.bbv-4.c6,9062753244596
core.bbv-4.c7,8843506108257
core.bbv-4.c8,7757942455955
core.bbv-4.c9,10252648067640
core.bbv-4.node0,44729757546808
core.bbv-4.node1,23135280310904
core.bbv-4.total,67865037857712
core.bbv-5.c0,1147981432697
core.bbv-5.c1,33137729248
core.bbv-5.c10,6940239490261
core.bbv-5.c11,5730187928501
core.bbv-5.c2,7148710934489
core.bbv-5.c3,1708161334467
core.bbv-5.c4,2352197582135
core.bbv-5.c5,9658302858954
core.bbv-5.c6,9867037429665
core.bbv-5.c7,9418401713844
core.bbv-5.c8,8471696418660
core.bbv-5.c9,10993566761591
core.bbv-5.node0,48397674818271
core.bbv-5.node1,25071946796241
core.bbv-5.total,73469621614512
core.bbv-6.c0,1236833780461
core.bbv-6.c1,41188355303
core.bbv-6.c10,7297620234851
core.bbv-6.c11,5967502429628
core.bbv-6.c2,7541664832519
core.bbv-6.c3,1839388792005
core.bbv-6.c4,2678039638924
core.bbv-6.c5,9791999333605
core.bbv-6.c6,10310561532302
core.bbv-6.c7,9583905723911
core.bbv-6.c8,8895393746997
core.bbv-6.c9,11250163798710
core.bbv-6.node0,50372109540486
core.bbv-6.node1,26062152658730
core.bbv-6.total,76434262199216
core.bbv-7.c0,1324936396385
core.bbv-7.c1,49126062830
core.bbv-7.c10,7927063853041
core.bbv-7.c11,6385910724547
core.bbv-7.c2,8193327726645
core.bbv-7.c3,1970288700615
core.bbv-7.c4,3003604216289
core.bbv-7.c5,10250813809408
core.bbv-7.c6,11110629852027
core.bbv-7.c7,10114531433818
core.bbv-7.c8,9607050557702
core.bbv-7.c9,12012502672117
core.bbv-7.node0,53985750224429
core.bbv-7.node1,27964035780995
core.bbv-7.total,81949786005424
core.bbv-8.c0,1783742759233
core.bbv-8.c1,132963965885
core.bbv-8.c10,9169855476203
core.bbv-8.c11,7305352985710
core.bbv-8.c2,9566984139135
core.bbv-8.c3,2984134662141
core.bbv-8.c4,5346065088578
core.bbv-8.c5,10619523173371
core.bbv-8.c6,12618710070636
core.bbv-8.c7,10224893799557
core.bbv-8.c8,11405726427391
core.bbv-8.c9,11086998341104
core.bbv-8.node0,60914382556976
core.bbv-8.node1,31330568331968
core.bbv-8.total,92244950888944
core.bbv-9.c0,1404641151397
core.bbv-9.c1,87288323768
core.bbv-9.c10,6717850862433
core.bbv-9.c11,5660824382313
core.bbv-9.c2,6967000313109
core.bbv-9.c3,2242637618391
core.bbv-9.c4,3497590325363
core.bbv-9.c5,8813961121658
core.bbv-9.c6,9457622011221
core.bbv-9.c7,8338050718940
core.bbv-9.c8,8424959692796
core.bbv-9.c9,8911119223491
core.bbv-9.node0,46706246696267
core.bbv-9.node1,23817299048613
core.bbv-9.total,70523545744880
core.instructions.c0,34351444
core.instructions.c1,3057391
core.instructions.c10,247176030
core.instructions.c11,163078895
core.instructions.c2,253481214
core.instructions.c3,49456050
core.instructions.c4,122836749
core.instructions.c5,270474211
core.instructions.c6,329571045
core.instructions.c7,263976027
core.instructions.c8,291950121
core.instructions.c9,302571623
core.instructions.node0,1519516047
core.instructions.node1,812464753
core.instructions.total,2331980800
directory.entries-allocated.c0,524288
directory.entries-allocated.c8,524288
directory.entries-allocated.node0,524288
directory.entries-allocated.node1,524288
directory.entries-allocated.total,1048576
directory.evict-E.c0,5184
directory.evict-E.c8,4441
directory.evict-E.node0,5184
directory.evict-E.node1,4441
directory.evict-E.total,9625
directory.evict-M.c0,6587
directory.evict-M.c8,6793
directory.evict-M.node0,6587
directory.evict-M.node1,6793
directory.evict-M.total,13380
directory.evict-S.c0,96
directory.evict-S.c8,93
directory.evict-S.node0,96
directory.evict-S.node1,93
directory.evict-S.total,189
dram-queue.num-requests.c0,566984
dram-queue.num-requests.c8,565246
dram-queue.num-requests.node0,566984
dram-queue.num-requests.node1,565246
dram-queue.num-requests.total,1132230
dram-queue.total-queue-delay.c0,17947415670
dram-queue.total-queue-delay.c8,9932551265
dram-queue.total-queue-delay.node0,17947415670
dram-queue.total-queue-delay.node1,9932551265
dram-queue.total-queue-delay.total,27879966935
dram-queue.total-time-used.c0,709421720480
dram-queue.total-time-used.c8,707247100120
dram-queue.total-time-used.node0,709421720480
dram-queue.total-time-used.node1,707247100120
dram-queue.total-time-used.total,1416668820600
dram.reads.c0,417490
dram.reads.c8,416593
dram.reads.node0,417490
dram.reads.node1,416593
dram.reads.total,834083
dram.total-access-latency.c0,34746409136150
dram.total-access-latency.c8,34631939651385
dram.total-access-latency.node0,34746409136150
dram.total-access-latency.node1,34631939651385
dram.total-access-latency.total,69378348787535
dram.total-queueing-delay.c0,17947415670
dram.total-queueing-delay.c8,9932551265
dram.total-queueing-delay.node0,17947415670
dram.total-queueing-delay.node1,9932551265
dram.total-queueing-delay.total,27879966935
dram.writes.c0,149494
dram.writes.c8,148653
dram.writes.node0,149494
dram.writes.node1,148653
dram.writes.total,298147
dtlb.access.c0,10398617
dtlb.access.c1,2506015
dtlb.access.c10,137401037
dtlb.access.c11,67227988
dtlb.access.c2,137950324
dtlb.access.c3,11248615
dtlb.access.c4,65785523
dtlb.access.c5,118103463
dtlb.access.c6,171247681
dtlb.access.c7,119276729
dtlb.access.c8,149850227
dtlb.access.c9,152156744
dtlb.access.node0,733569668
dtlb.access.node1,409583295
dtlb.access.total,1143152963
dtlb.miss.c0,16303
dtlb.miss.c1,5363
dtlb.miss.c10,15203
dtlb.miss.c11,7422
dtlb.miss.c2,10371
dtlb.miss.c3,1302
dtlb.miss.c4,1514
dtlb.miss.c5,13268
dtlb.miss.c6,15877
dtlb.miss.c7,14314
dtlb.miss.c8,13973
dtlb.miss.c9,18809
dtlb.miss.node0,89698
dtlb.miss.node1,44021
dtlb.miss.total,133719
dtlb_cache.access-mru-0.c0,10171012
dtlb_cache.access-mru-0.c1,2483875
dtlb_cache.access-mru-0.c10,131957083
dtlb_cache.access-mru-0.c11,64398543
dtlb_cache.access-mru-0.c2,132605268
dtlb_cache.access-mru-0.c3,11198949
dtlb_cache.access-mru-0.c4,64691301
dtlb_cache.access-mru-0.c5,110157748
dtlb_cache.access-mru-0.c6,163854436
dtlb_cache.access-mru-0.c7,112084149
dtlb_cache.access-mru-0.c8,143848652
dtlb_cache.access-mru-0.c9,143773208
dtlb_cache.access-mru-0.node0,700202280
dtlb_cache.access-mru-0.node1,391021944
dtlb_cache.access-mru-0.total,1091224224
dtlb_cache.access-mru-1.c0,193852
dtlb_cache.access-mru-1.c1,16677
dtlb_cache.access-mru-1.c10,5047554
dtlb_cache.access-mru-1.c11,2584987
dtlb_cache.access-mru-1.c2,4991147
dtlb_cache.access-mru-1.c3,46601
dtlb_cache.access-mru-1.c4,1089060
dtlb_cache.access-mru-1.c5,7211774
dtlb_cache.access-mru-1.c6,6850298
dtlb_cache.access-mru-1.c7,6538789
dtlb_cache.access-mru-1.c8,5531930
dtlb_cache.access-mru-1.c9,7715836
dtlb_cache.access-mru-1.node0,30739962
dtlb_cache.access-mru-1.node1,17078543
dtlb_cache.access-mru-1.total,47818505
dtlb_cache.access-mru-2.c0,14731
dtlb_cache.access-mru-2.c1,73
dtlb_cache.access-mru-2.c10,338741
dtlb_cache.access-mru-2.c11,210441
dtlb_cache.access-mru-2.c2,304735
dtlb_cache.access-mru-2.c3,1297
dtlb_cache.access-mru-2.c4,3062
dtlb_cache.access-mru-2.c5,643969
dtlb_cache.access-mru-2.c6,469890
dtlb_cache.access-mru-2.c7,569836
dtlb_cache.access-mru-2.c8,405793
dtlb_cache.access-mru-2.c9,578225
dtlb_cache.access-mru-2.node0,2260356
dtlb_cache.access-mru-2.node1,1280437
dtlb_cache.access-mru-2.total,3540793
dtlb_cache.access-mru-3.c0,2719
dtlb_cache.access-mru-3.c1,27
dtlb_cache.access-mru-3.c10,42456
dtlb_cache.access-mru-3.c11,26595
dtlb_cache.access-mru-3.c2,38803
dtlb_cache.access-mru-3.c3,466
dtlb_cache.access-mru-3.c4,586
dtlb_cache.access-mru-3.c5,76704
dtlb_cache.access-mru-3.c6,57180
dtlb_cache.access-mru-3.c7,69641
dtlb_cache.access-mru-3.c8,49879
dtlb_cache.access-mru-3.c9,70666
dtlb_cache.access-mru-3.node0,277372
dtlb_cache.access-mru-3.node1,158350
dtlb_cache.access-mru-3.total,435722
futex.futex_cmp_requeue_count.c1,3
futex.futex_cmp_requeue_count.c10,1
futex.futex_cmp_requeue_count.c18,1
futex.futex_cmp_requeue_count.c2,1
futex.futex_cmp_requeue_count.c6,1
futex.futex_cmp_requeue_count.node0,3
futex.futex_cmp_requeue_count.node1,4
futex.futex_cmp_requeue_count.total,7
futex.futex_wait_count.c0,6
futex.futex_wait_count.c10,2
futex.futex_wait_count.c11,4
futex.futex_wait_count.c12,1
futex.futex_wait_count.c13,1
futex.futex_wait_count.c14,18
futex.futex_wait_count.c15,19
futex.futex_wait_count.c16,19
futex.futex_wait_count.c17,19
futex.futex_wait_count.c18,15
futex.futex_wait_count.c19,16
futex.futex_wait_count.c2,3
futex.futex_wait_count.c20,15
futex.futex_wait_count.c21,15
futex.futex_wait_count.c22,11
futex.futex_wait_count.c23,8
futex.futex_wait_count.c24,9
futex.futex_wait_count.c25,8
futex.futex_wait_count.c26,2
futex.futex_wait_count.c27,1
futex.futex_wait_count.c28,2
futex.futex_wait_count.c29,1
futex.futex_wait_count.c3,3
futex.futex_wait_count.c30,14
futex.futex_wait_count.c31,12
futex.futex_wait_count.c32,14
futex.futex_wait_count.c33,13
futex.futex_wait_count.c34,8
futex.futex_wait_count.c35,8
futex.futex_wait_count.c36,6
futex.futex_wait_count.c37,7
futex.futex_wait_count.c38,45
futex.futex_wait_count.c4,3
futex.futex_wait_count.c5,2
futex.futex_wait_count.c6,1
futex.futex_wait_count.c7,2
futex.futex_wait_count.c8,2
futex.futex_wait_count.c9,1
futex.futex_wait_count.node0,6
futex.futex_wait_count.node1,330
futex.futex_wait_count.total,336
futex.futex_wait_delay.c0,136783208268655
futex.futex_wait_delay.c10,10451473643425
futex.futex_wait_delay.c11,12562288234050
futex.futex_wait_delay.c12,10887078666365
futex.futex_wait_delay.c13,9899809200090
futex.futex_wait_delay.c14,85338925376765
futex.futex_wait_delay.c15,80238418887410
futex.futex_wait_delay.c16,83375625869765
futex.futex_wait_delay.c17,81879625106520
futex.futex_wait_delay.c18,126546826236265
futex.futex_wait_delay.c19,126551750555920
futex.futex_wait_delay.c2,11287113017410
futex.futex_wait_delay.c20,125525961630390
futex.futex_wait_delay.c21,125808172061560
futex.futex_wait_delay.c22,85478234958755
futex.futex_wait_delay.c23,83685859467435
futex.futex_wait_delay.c24,84591837261260
futex.futex_wait_delay.c25,82617449234650
futex.futex_wait_delay.c26,12276009091615
futex.futex_wait_delay.c27,14008807359815
futex.futex_wait_delay.c28,14178643648220
futex.futex_wait_delay.c29,14871110466435
futex.futex_wait_delay.c3,10895557748795
futex.futex_wait_delay.c30,65174353265315
futex.futex_wait_delay.c31,63432950523470
futex.futex_wait_delay.c32,63856810681875
futex.futex_wait_delay.c33,49585220120835
futex.futex_wait_delay.c34,57982203877920
futex.futex_wait_delay.c35,54438157517035
futex.futex_wait_delay.c36,39486371836660
futex.futex_wait_delay.c37,51779887736805
futex.futex_wait_delay.c38,134988874769365
futex.futex_wait_delay.c4,10857389147600
futex.futex_wait_delay.c5,10895365021715
futex.futex_wait_delay.c6,10441325925300
futex.futex_wait_delay.c7,10895478204420
futex.futex_wait_delay.c8,10875203221695
futex.futex_wait_delay.c9,10894615931555
futex.futex_wait_delay.node0,136783208268655
futex.futex_wait_delay.node1,1938540785504480
futex.futex_wait_delay.total,2075323993773135
futex.futex_wake_count.c1,3
futex.futex_wake_count.c10,5
futex.futex_wake_count.c11,6
futex.futex_wake_count.c12,2
futex.futex_wake_count.c13,2
futex.futex_wake_count.c14,20
futex.futex_wake_count.c15,22
futex.futex_wake_count.c16,17
futex.futex_wake_count.c17,19
futex.futex_wake_count.c18,17
futex.futex_wake_count.c19,17
futex.futex_wake_count.c2,5
futex.futex_wake_count.c20,15
futex.futex_wake_count.c21,16
futex.futex_wake_count.c22,13
futex.futex_wake_count.c23,9
futex.futex_wake_count.c24,8
futex.futex_wake_count.c25,9
futex.futex_wake_count.c26,2
futex.futex_wake_count.c27,2
futex.futex_wake_count.c28,2
futex.futex_wake_count.c29,2
futex.futex_wake_count.c3,3
futex.futex_wake_count.c30,15
futex.futex_wake_count.c31,12
futex.futex_wake_count.c32,15
futex.futex_wake_count.c33,14
futex.futex_wake_count.c34,9
futex.futex_wake_count.c35,8
futex.futex_wake_count.c36,6
futex.futex_wake_count.c37,8
futex.futex_wake_count.c38,46
futex.futex_wake_count.c4,4
futex.futex_wake_count.c5,3
futex.futex_wake_count.c6,2
futex.futex_wake_count.c7,2
futex.futex_wake_count.c8,3
futex.futex_wake_count.c9,2
futex.futex_wake_count.node0,3
futex.futex_wake_count.node1,362
futex.futex_wake_count.total,365
futex.futex_wake_delay.c1,3000000000
futex.futex_wake_delay.c10,2000000000
futex.futex_wake_delay.c11,1000000000
futex.futex_wake_delay.c12,1000000000
futex.futex_wake_delay.c14,2000000000
futex.futex_wake_delay.c15,6000000000
futex.futex_wake_delay.c16,3000000000
futex.futex_wake_delay.c17,1000000000
futex.futex_wake_delay.c18,2000000000
futex.futex_wake_delay.c2,3000000000
futex.futex_wake_delay.c20,1000000000
futex.futex_wake_delay.c21,1000000000
futex.futex_wake_delay.c22,2000000000
futex.futex_wake_delay.c24,1000000000
futex.futex_wake_delay.c25,1000000000
futex.futex_wake_delay.c3,1000000000
futex.futex_wake_delay.c30,1000000000
futex.futex_wake_delay.c33,1000000000
futex.futex_wake_delay.c38,3000000000
futex.futex_wake_delay.c4,1000000000
futex.futex_wake_delay.c5,1000000000
futex.futex_wake_delay.c6,1000000000
futex.futex_wake_delay.c9,1000000000
futex.futex_wake_delay.node0,3000000000
futex.futex_wake_delay.node1,37000000000
futex.futex_wake_delay.total,40000000000
futex.futex_wake_op_count.c1,6
futex.futex_wake_op_count.c10,26
futex.futex_wake_op_count.c11,4
futex.futex_wake_op_count.c15,1
futex.futex_wake_op_count.c16,1
futex.futex_wake_op_count.c17,2
futex.futex_wake_op_count.c18,14
futex.futex_wake_op_count.c19,11
futex.futex_wake_op_count.c2,29
futex.futex_wake_op_count.c20,13
futex.futex_wake_op_count.c21,11
futex.futex_wake_op_count.c22,8
futex.futex_wake_op_count.c23,6
futex.futex_wake_op_count.c24,6
futex.futex_wake_op_count.c25,7
futex.futex_wake_op_count.c26,1
futex.futex_wake_op_count.c28,1
futex.futex_wake_op_count.c30,15
futex.futex_wake_op_count.c31,8
futex.futex_wake_op_count.c32,11
futex.futex_wake_op_count.c33,9
futex.futex_wake_op_count.c4,30
futex.futex_wake_op_count.c6,27
futex.futex_wake_op_count.c8,26
futex.futex_wake_op_count.node0,6
futex.futex_wake_op_count.node1,267
futex.futex_wake_op_count.total,273
futex.futex_wake_op_delay.c1,6000000000
futex.futex_wake_op_delay.c10,26000000000
futex.futex_wake_op_delay.c11,4000000000
futex.futex_wake_op_delay.c15,1000000000
futex.futex_wake_op_delay.c16,1000000000
futex.futex_wake_op_delay.c17,2000000000
futex.futex_wake_op_delay.c18,14000000000
futex.futex_wake_op_delay.c19,11000000000
futex.futex_wake_op_delay.c2,29000000000
futex.futex_wake_op_delay.c20,13000000000
futex.futex_wake_op_delay.c21,11000000000
futex.futex_wake_op_delay.c22,8000000000
futex.futex_wake_op_delay.c23,6000000000
futex.futex_wake_op_delay.c24,6000000000
futex.futex_wake_op_delay.c25,7000000000
futex.futex_wake_op_delay.c26,1000000000
futex.futex_wake_op_delay.c28,1000000000
futex.futex_wake_op_delay.c30,15000000000
futex.futex_wake_op_delay.c31,8000000000
futex.futex_wake_op_delay.c32,11000000000
futex.futex_wake_op_delay.c33,9000000000
futex.futex_wake_op_delay.c4,30000000000
futex.futex_wake_op_delay.c6,27000000000
futex.futex_wake_op_delay.c8,26000000000
futex.futex_wake_op_delay.node0,6000000000
futex.futex_wake_op_delay.node1,267000000000
futex.futex_wake_op_delay.total,273000000000
interval_timer.cpContr_branch.c0,315055276782
interval_timer.cpContr_branch.c1,52591011078
interval_timer.cpContr_branch.c10,11407708698341
interval_timer.cpContr_branch.c11,6082195732405
interval_timer.cpContr_branch.c2,11185326526003
interval_timer.cpContr_branch.c3,20872385134
interval_timer.cpContr_branch.c4,2172178609586
interval_timer.cpContr_branch.c5,20572542284867
interval_timer.cpContr_branch.c6,16450804912039
interval_timer.cpContr_branch.c7,18634504310117
interval_timer.cpContr_branch.c8,13760671515756
interval_timer.cpContr_branch.c9,17730032706961
interval_timer.cpContr_branch.node0,74751390606115
interval_timer.cpContr_branch.node1,43633093362954
interval_timer.cpContr_branch.total,118384483969069
interval_timer.cpContr_fp_addsub,2337915193
interval_timer.cpContr_fp_muldiv,2324360082
interval_timer.cpContr_generic.c0,7406505520353
interval_timer.cpContr_generic.c1,445191597182
interval_timer.cpContr_generic.c10,39439865982254
interval_timer.cpContr_generic.c11,23303060194949
interval_timer.cpContr_generic.c2,39792510654406
interval_timer.cpContr_generic.c3,14230156006939
interval_timer.cpContr_generic.c4,32660236247281
interval_timer.cpContr_generic.c5,28838205510220
interval_timer.cpContr_generic.c6,48423376665539
interval_timer.cpContr_generic.c7,29006277263670
interval_timer.cpContr_generic.c8,46297217433082
interval_timer.cpContr_generic.c9,25552921673018
interval_timer.cpContr_generic.node0,219854327800553
interval_timer.cpContr_generic.node1,115541196948340
interval_timer.cpContr_generic.total,335395524748893
interval_timer.cpContr_load_l1.c0,1000957340802
interval_timer.cpContr_load_l1.c1,886188721051
interval_timer.cpContr_load_l1.c10,96650991055488
interval_timer.cpContr_load_l1.c11,23249289108151
interval_timer.cpContr_load_l1.c2,96213613050290
interval_timer.cpContr_load_l1.c3,945157896059
interval_timer.cpContr_load_l1.c4,67166921360010
interval_timer.cpContr_load_l1.c5,55134328381005
interval_timer.cpContr_load_l1.c6,110449651953249
interval_timer.cpContr_load_l1.c7,52384179439837
interval_timer.cpContr_load_l1.c8,101347407278066
interval_timer.cpContr_load_l1.c9,57857863354541
interval_timer.cpContr_load_l1.node0,412455160449305
interval_timer.cpContr_load_l1.node1,250831388489244
interval_timer.cpContr_load_l1.total,663286548938549
interval_timer.cpContr_load_l2.c0,19213993510
interval_timer.cpContr_load_l2.c1,214803689
interval_timer.cpContr_load_l2.c10,1437279810563
interval_timer.cpContr_load_l2.c11,621423231615
interval_timer.cpContr_load_l2.c2,842542131271
interval_timer.cpContr_load_l2.c3,970589740
interval_timer.cpContr_load_l2.c4,5360760041
interval_timer.cpContr_load_l2.c5,1412382235310
interval_timer.cpContr_load_l2.c6,1210875623385
interval_timer.cpContr_load_l2.c7,2465975093768
interval_timer.cpContr_load_l2.c8,1018698273644
interval_timer.cpContr_load_l2.c9,1633033439435
interval_timer.cpContr_load_l2.node0,6340539683599
interval_timer.cpContr_load_l2.node1,4327430302372
interval_timer.cpContr_load_l2.total,10667969985971
interval_timer.cpContr_load_l3.c0,91756825603
interval_timer.cpContr_load_l3.c1,3275735293
interval_timer.cpContr_load_l3.c10,106366864697
interval_timer.cpContr_load_l3.c11,26778005208
interval_timer.cpContr_load_l3.c2,637328887161
interval_timer.cpContr_load_l3.c3,9430190651
interval_timer.cpContr_load_l3.c4,9414920195
interval_timer.cpContr_load_l3.c5,41421098677
interval_timer.cpContr_load_l3.c6,355896548401
interval_timer.cpContr_load_l3.c7,72702765059
interval_timer.cpContr_load_l3.c8,21798390032
interval_timer.cpContr_load_l3.c9,50410765052
interval_timer.cpContr_load_l3.node0,691475218484
interval_timer.cpContr_load_l3.node1,735105777545
interval_timer.cpContr_load_l3.total,1426580996029
interval_timer.cpContr_load_other.c0,689200172
interval_timer.cpContr_load_other.c10,6578707581
interval_timer.cpContr_load_other.c11,1466934354
interval_timer.cpContr_load_other.c2,11011193817
interval_timer.cpContr_load_other.c3,41278347
interval_timer.cpContr_load_other.c4,196376441
interval_timer.cpContr_load_other.c5,2884652271
interval_timer.cpContr_load_other.c6,7266173058
interval_timer.cpContr_load_other.c7,7599310284
interval_timer.cpContr_load_other.c8,2407033467
interval_timer.cpContr_load_other.c9,6172913199
interval_timer.cpContr_load_other.node0,25296235423
interval_timer.cpContr_load_other.node1,21017537568
interval_timer.cpContr_load_other.total,46313772991
interval_timer.cpContr_port015.c0,1108694210008
interval_timer.cpContr_port015.c1,129903850
interval_timer.cpContr_port015.c10,988042139166
interval_timer.cpContr_port015.c11,2277163313220
interval_timer.cpContr_port015.c2,1240298817041
interval_timer.cpContr_port015.c3,1885880155859
interval_timer.cpContr_port015.c4,1193957988060
interval_timer.cpContr_port015.c5,1741110395201
interval_timer.cpContr_port015.c6,1841361765723
interval_timer.cpContr_port015.c7,1793278006636
interval_timer.cpContr_port015.c8,1833772601236
interval_timer.cpContr_port015.c9,1551148559666
interval_timer.cpContr_port015.node0,12587358526903
interval_timer.cpContr_port015.node1,4867479328763
interval_timer.cpContr_port015.total,17454837855666
interval_timer.cpContr_port1.c0,20144441
interval_timer.cpContr_port1.c1,500000
interval_timer.cpContr_port1.c10,165899977
interval_timer.cpContr_port1.c11,88999996
interval_timer.cpContr_port1.c2,134533319
interval_timer.cpContr_port1.c3,1000000
interval_timer.cpContr_port1.c4,8499994
interval_timer.cpContr_port1.c5,292533325
interval_timer.cpContr_port1.c6,226049982
interval_timer.cpContr_port1.c7,309666652
interval_timer.cpContr_port1.c8,191899985
interval_timer.cpContr_port1.c9,241899994
interval_timer.cpContr_port1.node0,1045027709
interval_timer.cpContr_port1.node1,636599956
interval_timer.cpContr_port1.total,1681627665
interval_timer.cpContr_port2.c0,1421181646009
interval_timer.cpContr_port2.c1,938858575129
interval_timer.cpContr_port2.c10,13133513479080
interval_timer.cpContr_port2.c11,7971188726236
interval_timer.cpContr_port2.c2,11892857534445
interval_timer.cpContr_port2.c3,99675744802
interval_timer.cpContr_port2.c4,128709647769
interval_timer.cpContr_port2.c5,12601885951854
interval_timer.cpContr_port2.c6,15549752298354
interval_timer.cpContr_port2.c7,15676443232797
interval_timer.cpContr_port2.c8,12207804464517
interval_timer.cpContr_port2.c9,22977417170173
interval_timer.cpContr_port2.node0,73883324664277
interval_timer.cpContr_port2.node1,40715963806888
interval_timer.cpContr_port2.total,114599288471165
interval_timer.cpContr_port34.c0,58621741089
interval_timer.cpContr_port34.c1,510188555
interval_timer.cpContr_port34.c10,786383995958
interval_timer.cpContr_port34.c11,524564342998
interval_timer.cpContr_port34.c2,836580825567
interval_timer.cpContr_port34.c3,4697449413
interval_timer.cpContr_port34.c4,7862979472
interval_timer.cpContr_port34.c5,1389099388499
interval_timer.cpContr_port34.c6,1257830359205
interval_timer.cpContr_port34.c7,1405013009999
interval_timer.cpContr_port34.c8,979169628393
interval_timer.cpContr_port34.c9,1678387308834
interval_timer.cpContr_port34.node0,5707447565468
interval_timer.cpContr_port34.node1,3221273652514
interval_timer.cpContr_port34.total,8928721217982
interval_timer.cpContr_port5.c0,13822431403
interval_timer.cpContr_port5.c1,59148195
interval_timer.cpContr_port5.c10,133564770213
interval_timer.cpContr_port5.c11,88857001111
interval_timer.cpContr_port5.c2,139678177867
interval_timer.cpContr_port5.c3,64457504
interval_timer.cpContr_port5.c4,1027861824
interval_timer.cpContr_port5.c5,343071991992
interval_timer.cpContr_port5.c6,239815625557
interval_timer.cpContr_port5.c7,325963401487
interval_timer.cpContr_port5.c8,193945095223
interval_timer.cpContr_port5.c9,273194822949
interval_timer.cpContr_port5.node0,1093418962553
interval_timer.cpContr_port5.node1,659645822772
interval_timer.cpContr_port5.total,1753064785325
interval_timer.cpContr_store.c0,253389626829
interval_timer.cpContr_store.c1,213499204742
interval_timer.cpContr_store.c10,16970322680951
interval_timer.cpContr_store.c11,3721402575288
interval_timer.cpContr_store.c2,16886470279741
interval_timer.cpContr_store.c3,274152941987
interval_timer.cpContr_store.c4,12701211995774
interval_timer.cpContr_store.c5,6730959561661
interval_timer.cpContr_store.c6,18700237893807
interval_timer.cpContr_store.c7,6976401397185
interval_timer.cpContr_store.c8,17411444205526
interval_timer.cpContr_store.c9,8529130519599
interval_timer.cpContr_store.node0,67880807795896
interval_timer.cpContr_store.node1,41487815087194
interval_timer.cpContr_store.total,109368622883090
interval_timer.cpiBase.c0,6013233077670
interval_timer.cpiBase.c1,1155291571980
interval_timer.cpiBase.c10,83004570177165
interval_timer.cpiBase.c11,30848863242015
interval_timer.cpiBase.c2,81672032873340
interval_timer.cpiBase.c3,8148654124065
interval_timer.cpiBase.c4,52748713614870
interval_timer.cpiBase.c5,58549185087120
interval_timer.cpiBase.c6,97494190687530
interval_timer.cpiBase.c7,59542759548090
interval_timer.cpiBase.c8,88670289965985
interval_timer.cpiBase.c9,62654551436295
interval_timer.cpiBase.node0,399461961446730
interval_timer.cpiBase.node1,231040373959395
interval_timer.cpiBase.total,630502335406125
interval_timer.cpiBranchPredictor.c0,242915211630
interval_timer.cpiBranchPredictor.c1,48414497040
interval_timer.cpiBranchPredictor.c10,15061802210910
interval_timer.cpiBranchPredictor.c11,10006956356670
interval_timer.cpiBranchPredictor.c2,15332032395225
interval_timer.cpiBranchPredictor.c3,20703161115
interval_timer.cpiBranchPredictor.c4,334881937845
interval_timer.cpiBranchPredictor.c5,36192928807035
interval_timer.cpiBranchPredictor.c6,24438826015695
interval_timer.cpiBranchPredictor.c7,31452195365955
interval_timer.cpiBranchPredictor.c8,20044343137455
interval_timer.cpiBranchPredictor.c9,29446906916700
interval_timer.cpiBranchPredictor.node0,115745920617600
interval_timer.cpiBranchPredictor.node1,66876985395675
interval_timer.cpiBranchPredictor.total,182622906013275
interval_timer.cpiDataCacheL1.c0,4399995600
interval_timer.cpiDataCacheL1.c1,114545340
interval_timer.cpiDataCacheL1.c10,141818040
interval_timer.cpiDataCacheL1.c2,16363620
interval_timer.cpiDataCacheL1.c5,16363620
interval_timer.cpiDataCacheL1.c7,16363620
interval_timer.cpiDataCacheL1.c8,216363420
interval_timer.cpiDataCacheL1.c9,32727240
interval_timer.cpiDataCacheL1.node0,4590904500
interval_timer.cpiDataCacheL1.node1,363636000
interval_timer.cpiDataCacheL1.total,4954540500
interval_timer.cpiDataCacheL2.c0,25261338375
interval_timer.cpiDataCacheL2.c1,34545420
interval_timer.cpiDataCacheL2.c10,3276360360
interval_timer.cpiDataCacheL2.c11,906362730
interval_timer.cpiDataCacheL2.c2,1031817150
interval_timer.cpiDataCacheL2.c4,17727255
interval_timer.cpiDataCacheL2.c5,921817260
interval_timer.cpiDataCacheL2.c6,8122264605
interval_timer.cpiDataCacheL2.c7,1421362215
interval_timer.cpiDataCacheL2.c8,4809995190
interval_timer.cpiDataCacheL2.c9,3144542310
interval_timer.cpiDataCacheL2.node0,41650412895
interval_timer.cpiDataCacheL2.node1,7297719975
interval_timer.cpiDataCacheL2.total,48948132870
interval_timer.cpiDataCacheL3.c0,87779457675
interval_timer.cpiDataCacheL3.c1,481363155
interval_timer.cpiDataCacheL3.c10,61234029675
interval_timer.cpiDataCacheL3.c11,94954450500
interval_timer.cpiDataCacheL3.c2,68116295520
interval_timer.cpiDataCacheL3.c3,142689857310
interval_timer.cpiDataCacheL3.c4,17530891560
interval_timer.cpiDataCacheL3.c5,81979463475
interval_timer.cpiDataCacheL3.c6,28709971290
interval_timer.cpiDataCacheL3.c7,68052659220
interval_timer.cpiDataCacheL3.c8,24771338865
interval_timer.cpiDataCacheL3.c9,144783037035
interval_timer.cpiDataCacheL3.node0,659661158520
interval_timer.cpiDataCacheL3.node1,161421656760
interval_timer.cpiDataCacheL3.total,821082815280
interval_timer.cpiDataCacheL3_S.c0,22244977755
interval_timer.cpiDataCacheL3_S.c1,1007271720
interval_timer.cpiDataCacheL3_S.c10,76359014550
interval_timer.cpiDataCacheL3_S.c11,12431351205
interval_timer.cpiDataCacheL3_S.c2,126971236665
interval_timer.cpiDataCacheL3_S.c3,251460657630
interval_timer.cpiDataCacheL3_S.c4,250511567670
interval_timer.cpiDataCacheL3_S.c5,51732220995
interval_timer.cpiDataCacheL3_S.c6,39812687460
interval_timer.cpiDataCacheL3_S.c7,152498029320
interval_timer.cpiDataCacheL3_S.c8,20235434310
interval_timer.cpiDataCacheL3_S.c9,40767686505
interval_timer.cpiDataCacheL3_S.node0,745320163770
interval_timer.cpiDataCacheL3_S.node1,300711972015
interval_timer.cpiDataCacheL3_S.total,1046032135785
interval_timer.cpiDataCachecache-remote.c0,277532904285
interval_timer.cpiDataCachecache-remote.c1,144545310
interval_timer.cpiDataCachecache-remote.c10,347381925345
interval_timer.cpiDataCachecache-remote.c11,554033082330
interval_timer.cpiDataCachecache-remote.c2,24313157505
interval_timer.cpiDataCachecache-remote.c3,929999070
interval_timer.cpiDataCachecache-remote.c4,6315448230
interval_timer.cpiDataCachecache-remote.c5,311723324640
interval_timer.cpiDataCachecache-remote.c6,116962155765
interval_timer.cpiDataCachecache-remote.c7,241718394645
interval_timer.cpiDataCachecache-remote.c8,250260204285
interval_timer.cpiDataCachecache-remote.c9,47334043575
interval_timer.cpiDataCachecache-remote.node0,1662212883240
interval_timer.cpiDataCachecache-remote.node1,516436301745
interval_timer.cpiDataCachecache-remote.total,2178649184985
interval_timer.cpiDataCachedram-local.c0,782205126885
interval_timer.cpiDataCachedram-local.c1,13744077165
interval_timer.cpiDataCachedram-local.c10,971019938070
interval_timer.cpiDataCachedram-local.c11,45692681580
interval_timer.cpiDataCachedram-local.c2,296081976645
interval_timer.cpiDataCachedram-local.c3,34193147625
interval_timer.cpiDataCachedram-local.c4,1193371079355
interval_timer.cpiDataCachedram-local.c5,48674951325
interval_timer.cpiDataCachedram-local.c6,778681039500
interval_timer.cpiDataCachedram-local.c7,52168129650
interval_timer.cpiDataCachedram-local.c8,1205784703305
interval_timer.cpiDataCachedram-local.c9,33358148460
interval_timer.cpiDataCachedram-local.node0,3887196112800
interval_timer.cpiDataCachedram-local.node1,1567778886765
interval_timer.cpiDataCachedram-local.total,5454974999565
interval_timer.cpiDataCachedram-remote.c0,749406068775
interval_timer.cpiDataCachedram-remote.c1,9671607146565
interval_timer.cpiDataCachedram-remote.c10,999741727530
interval_timer.cpiDataCachedram-remote.c11,47338589025
interval_timer.cpiDataCachedram-remote.c2,304515150030
interval_timer.cpiDataCachedram-remote.c3,37063599300
interval_timer.cpiDataCachedram-remote.c4,1218183781815
interval_timer.cpiDataCachedram-remote.c5,52278129540
interval_timer.cpiDataCachedram-remote.c6,797166930105
interval_timer.cpiDataCachedram-remote.c7,55502671770
interval_timer.cpiDataCachedram-remote.c8,1239386942430
interval_timer.cpiDataCachedram-remote.c9,32484512970
interval_timer.cpiDataCachedram-remote.node0,3933663339060
interval_timer.cpiDataCachedram-remote.node1,11271011910795
interval_timer.cpiDataCachedram-remote.total,15204675249855
interval_timer.cpiInstructionCacheL2.c0,89999910
interval_timer.cpiInstructionCacheL2.c10,10079989920
interval_timer.cpiInstructionCacheL2.c11,16069074840
interval_timer.cpiInstructionCacheL2.c2,17676800505
interval_timer.cpiInstructionCacheL2.c4,535908555
interval_timer.cpiInstructionCacheL2.c5,32968603395
interval_timer.cpiInstructionCacheL2.c6,28219062690
interval_timer.cpiInstructionCacheL2.c7,23457249270
interval_timer.cpiInstructionCacheL2.c8,21620432925
interval_timer.cpiInstructionCacheL2.c9,18809981190
interval_timer.cpiInstructionCacheL2.node0,106772620500
interval_timer.cpiInstructionCacheL2.node1,62754482700
interval_timer.cpiInstructionCacheL2.total,169527103200
interval_timer.cpiInstructionCacheL3.c0,5660448885
interval_timer.cpiInstructionCacheL3.c1,294999705
interval_timer.cpiInstructionCacheL3.c10,67587205140
interval_timer.cpiInstructionCacheL3.c11,7296810885
interval_timer.cpiInstructionCacheL3.c2,12726805455
interval_timer.cpiInstructionCacheL3.c3,5931812250
interval_timer.cpiInstructionCacheL3.c4,5649539805
interval_timer.cpiInstructionCacheL3.c5,6019084890
interval_timer.cpiInstructionCacheL3.c6,18665435880
interval_timer.cpiInstructionCacheL3.c7,89629001280
interval_timer.cpiInstructionCacheL3.c8,16149529305
interval_timer.cpiInstructionCacheL3.c9,15804529650
interval_timer.cpiInstructionCacheL3.node0,132614867385
interval_timer.cpiInstructionCacheL3.node1,118800335745
interval_timer.cpiInstructionCacheL3.total,251415203130
interval_timer.cpiInstructionCachecache-remote.c0,170454375
interval_timer.cpiInstructionCachecache-remote.c10,522272205
interval_timer.cpiInstructionCachecache-remote.c11,2997724275
interval_timer.cpiInstructionCachecache-remote.c2,48636315
interval_timer.cpiInstructionCachecache-remote.c3,3097724175
interval_timer.cpiInstructionCachecache-remote.c4,189545265
interval_timer.cpiInstructionCachecache-remote.c5,133636230
interval_timer.cpiInstructionCachecache-remote.c6,216817965
interval_timer.cpiInstructionCachecache-remote.c7,572272155
interval_timer.cpiInstructionCachecache-remote.c8,1618634745
interval_timer.cpiInstructionCachecache-remote.c9,857726415
interval_timer.cpiInstructionCachecache-remote.node0,8185900905
interval_timer.cpiInstructionCachecache-remote.node1,2239543215
interval_timer.cpiInstructionCachecache-remote.total,10425444120
interval_timer.cpiInstructionCachedram-local.c0,21582251145
interval_timer.cpiInstructionCachedram-local.c1,2140906950
interval_timer.cpiInstructionCachedram-local.c10,3511360125
interval_timer.cpiInstructionCachedram-local.c11,1381816800
interval_timer.cpiInstructionCachedram-local.c2,1097271630
interval_timer.cpiInstructionCachedram-local.c3,303181515
interval_timer.cpiInstructionCachedram-local.c4,451817730
interval_timer.cpiInstructionCachedram-local.c5,6120448425
interval_timer.cpiInstructionCachedram-local.c6,1907270820
interval_timer.cpiInstructionCachedram-local.c7,3376814805
interval_timer.cpiInstructionCachedram-local.c8,1488634875
interval_timer.cpiInstructionCachedram-local.c9,5682721590
interval_timer.cpiInstructionCachedram-local.node0,40940868150
interval_timer.cpiInstructionCachedram-local.node1,8103628260
interval_timer.cpiInstructionCachedram-local.total,49044496410
interval_timer.cpiInstructionCachedram-remote.c0,21738614625
interval_timer.cpiInstructionCachedram-remote.c1,2053179765
interval_timer.cpiInstructionCachedram-remote.c10,3819996180
interval_timer.cpiInstructionCachedram-remote.c11,1258180560
interval_timer.cpiInstructionCachedram-remote.c2,1330907760
interval_timer.cpiInstructionCachedram-remote.c3,567726705
interval_timer.cpiInstructionCachedram-remote.c4,317272410
interval_timer.cpiInstructionCachedram-remote.c5,6120902970
interval_timer.cpiInstructionCachedram-remote.c6,1495453050
interval_timer.cpiInstructionCachedram-remote.c7,3358633005
interval_timer.cpiInstructionCachedram-remote.c8,1469089440
interval_timer.cpiInstructionCachedram-remote.c9,6178630185
interval_timer.cpiInstructionCachedram-remote.node0,41496776685
interval_timer.cpiInstructionCachedram-remote.node1,8211809970
interval_timer.cpiInstructionCachedram-remote.total,49708586655
interval_timer.cpiLongLatency,454545
interval_timer.cpiSerialization,99090810
interval_timer.detailed-cpiBase-DispatchRate.c0,3991151
interval_timer.detailed-cpiBase-DispatchRate.c1,2471562
interval_timer.detailed-cpiBase-DispatchRate.c10,155672863
interval_timer.detailed-cpiBase-DispatchRate.c11,67713390
interval_timer.detailed-cpiBase-DispatchRate.c2,179493287
interval_timer.detailed-cpiBase-DispatchRate.c3,3293543
interval_timer.detailed-cpiBase-DispatchRate.c4,115995564
interval_timer.detailed-cpiBase-DispatchRate.c5,128555268
interval_timer.detailed-cpiBase-DispatchRate.c6,214225289
interval_timer.detailed-cpiBase-DispatchRate.c7,88841143
interval_timer.detailed-cpiBase-DispatchRate.c8,194854554
interval_timer.detailed-cpiBase-DispatchRate.c9,137532426
interval_timer.detailed-cpiBase-DispatchRate.node0,826979494
interval_timer.detailed-cpiBase-DispatchRate.node1,465660546
interval_timer.detailed-cpiBase-DispatchRate.total,1292640040
interval_timer.detailed-cpiBase-DispatchWidth+DispatchRate.c0,7703432
interval_timer.detailed-cpiBase-DispatchWidth+DispatchRate.c1,68961
interval_timer.detailed-cpiBase-DispatchWidth+DispatchRate.c10,25388234
interval_timer.detailed-cpiBase-DispatchWidth+DispatchRate.c11,154177
interval_timer.detailed-cpiBase-DispatchWidth+DispatchRate.c2,185365
interval_timer.detailed-cpiBase-DispatchWidth+DispatchRate.c3,14177573
interval_timer.detailed-cpiBase-DispatchWidth+DispatchRate.c4,51722
interval_timer.detailed-cpiBase-DispatchWidth+DispatchRate.c5,253068
interval_timer.detailed-cpiBase-DispatchWidth+DispatchRate.c6,262145
interval_timer.detailed-cpiBase-DispatchWidth+DispatchRate.c7,39907682
interval_timer.detailed-cpiBase-DispatchWidth+DispatchRate.c8,220279
interval_timer.detailed-cpiBase-DispatchWidth+DispatchRate.c9,307725
interval_timer.detailed-cpiBase-DispatchWidth+DispatchRate.node0,48298076
interval_timer.detailed-cpiBase-DispatchWidth+DispatchRate.node1,40382287
interval_timer.detailed-cpiBase-DispatchWidth+DispatchRate.total,88680363
interval_timer.detailed-cpiBase-DispatchWidth.c0,1534543
interval_timer.detailed-cpiBase-DispatchWidth.c1,1121
interval_timer.detailed-cpiBase-DispatchWidth.c10,1549140
interval_timer.detailed-cpiBase-DispatchWidth.c3,455941
interval_timer.detailed-cpiBase-DispatchWidth.c7,2245377
interval_timer.detailed-cpiBase-DispatchWidth.node0,3539624
interval_timer.detailed-cpiBase-DispatchWidth.node1,2246498
interval_timer.detailed-cpiBase-DispatchWidth.total,5786122
interval_timer.loadstore_contention.num-requests.c0,5408666
interval_timer.loadstore_contention.num-requests.c1,692315
interval_timer.loadstore_contention.num-requests.c10,93971926
interval_timer.loadstore_contention.num-requests.c11,44023178
interval_timer.loadstore_contention.num-requests.c2,94898907
interval_timer.loadstore_contention.num-requests.c3,7681029
interval_timer.loadstore_contention.num-requests.c4,47006056
interval_timer.loadstore_contention.num-requests.c5,78813705
interval_timer.loadstore_contention.num-requests.c6,116745637
interval_timer.loadstore_contention.num-requests.c7,79053612
interval_timer.loadstore_contention.num-requests.c8,102256394
interval_timer.loadstore_contention.num-requests.c9,99145235
interval_timer.loadstore_contention.num-requests.node0,492795432
interval_timer.loadstore_contention.num-requests.node1,276901228
interval_timer.loadstore_contention.num-requests.total,769696660
interval_timer.loadstore_contention.requests-out-of-order.c0,2666119
interval_timer.loadstore_contention.requests-out-of-order.c1,182797
interval_timer.loadstore_contention.requests-out-of-order.c10,51633595
interval_timer.loadstore_contention.requests-out-of-order.c11,29116366
interval_timer.loadstore_contention.requests-out-of-order.c2,52091675
interval_timer.loadstore_contention.requests-out-of-order.c3,3439163
interval_timer.loadstore_contention.requests-out-of-order.c4,16436556
interval_timer.loadstore_contention.requests-out-of-order.c5,50127826
interval_timer.loadstore_contention.requests-out-of-order.c6,66041929
interval_timer.loadstore_contention.requests-out-of-order.c7,52288731
interval_timer.loadstore_contention.requests-out-of-order.c8,55354240
interval_timer.loadstore_contention.requests-out-of-order.c9,71323782
interval_timer.loadstore_contention.requests-out-of-order.node0,290785336
interval_timer.loadstore_contention.requests-out-of-order.node1,159917443
interval_timer.loadstore_contention.requests-out-of-order.total,450702779
interval_timer.loadstore_contention.requests-simultaneous.c0,1554150
interval_timer.loadstore_contention.requests-simultaneous.c1,223362
interval_timer.loadstore_contention.requests-simultaneous.c10,15714557
interval_timer.loadstore_contention.requests-simultaneous.c11,5568908
interval_timer.loadstore_contention.requests-simultaneous.c2,15805098
interval_timer.loadstore_contention.requests-simultaneous.c3,2343374
interval_timer.loadstore_contention.requests-simultaneous.c4,12014790
interval_timer.loadstore_contention.requests-simultaneous.c5,11196003
interval_timer.loadstore_contention.requests-simultaneous.c6,18866476
interval_timer.loadstore_contention.requests-simultaneous.c7,10375379
interval_timer.loadstore_contention.requests-simultaneous.c8,17676608
interval_timer.loadstore_contention.requests-simultaneous.c9,9062275
interval_timer.loadstore_contention.requests-simultaneous.node0,76320533
interval_timer.loadstore_contention.requests-simultaneous.node1,44080447
interval_timer.loadstore_contention.requests-simultaneous.total,120400980
interval_timer.loadstore_contention.total-delay.c0,2181816000
interval_timer.loadstore_contention.total-delay.c1,16363620
interval_timer.loadstore_contention.total-delay.c10,1699411936950
interval_timer.loadstore_contention.total-delay.c11,1850179058910
interval_timer.loadstore_contention.total-delay.c2,2480946155415
interval_timer.loadstore_contention.total-delay.c3,964544490
interval_timer.loadstore_contention.total-delay.c4,5177722095
interval_timer.loadstore_contention.total-delay.c5,3187714085010
interval_timer.loadstore_contention.total-delay.c6,3268213549965
interval_timer.loadstore_contention.total-delay.c7,2366013088530
interval_timer.loadstore_contention.total-delay.c8,2162954655225
interval_timer.loadstore_contention.total-delay.c9,4272537091095
interval_timer.loadstore_contention.total-delay.node0,14286379804515
interval_timer.loadstore_contention.total-delay.node1,7009930262790
interval_timer.loadstore_contention.total-delay.total,21296310067305
interval_timer.numBPredOverlapped.c0,639393
interval_timer.numBPredOverlapped.c1,668344
interval_timer.numBPredOverlapped.c10,269644
interval_timer.numBPredOverlapped.c11,79468
interval_timer.numBPredOverlapped.c2,99939
interval_timer.numBPredOverlapped.c3,20772
interval_timer.numBPredOverlapped.c4,34758
interval_timer.numBPredOverlapped.c5,140089
interval_timer.numBPredOverlapped.c6,133791
interval_timer.numBPredOverlapped.c7,105523
interval_timer.numBPredOverlapped.c8,129037
interval_timer.numBPredOverlapped.c9,151537
interval_timer.numBPredOverlapped.node0,1469452
interval_timer.numBPredOverlapped.node1,1002843
interval_timer.numBPredOverlapped.total,2472295
interval_timer.numDCacheOverlapped.c0,2075145
interval_timer.numDCacheOverlapped.c1,737362
interval_timer.numDCacheOverlapped.c10,1331330
interval_timer.numDCacheOverlapped.c11,1432566
interval_timer.numDCacheOverlapped.c2,693907
interval_timer.numDCacheOverlapped.c3,679673
interval_timer.numDCacheOverlapped.c4,1724770
interval_timer.numDCacheOverlapped.c5,906946
interval_timer.numDCacheOverlapped.c6,1160577
interval_timer.numDCacheOverlapped.c7,685520
interval_timer.numDCacheOverlapped.c8,1846705
interval_timer.numDCacheOverlapped.c9,595466
interval_timer.numDCacheOverlapped.node0,9906473
interval_timer.numDCacheOverlapped.node1,3963494
interval_timer.numDCacheOverlapped.total,13869967
interval_timer.numHiddenLongerDCacheLatency.c0,17201
interval_timer.numHiddenLongerDCacheLatency.c1,17526
interval_timer.numHiddenLongerDCacheLatency.c10,744
interval_timer.numHiddenLongerDCacheLatency.c11,78
interval_timer.numHiddenLongerDCacheLatency.c2,622
interval_timer.numHiddenLongerDCacheLatency.c3,58
interval_timer.numHiddenLongerDCacheLatency.c4,125
interval_timer.numHiddenLongerDCacheLatency.c5,606
interval_timer.numHiddenLongerDCacheLatency.c6,484
interval_timer.numHiddenLongerDCacheLatency.c7,800
interval_timer.numHiddenLongerDCacheLatency.c8,1165
interval_timer.numHiddenLongerDCacheLatency.c9,721
interval_timer.numHiddenLongerDCacheLatency.node0,20017
interval_timer.numHiddenLongerDCacheLatency.node1,20113
interval_timer.numHiddenLongerDCacheLatency.total,40130
interval_timer.numICacheOverlapped.c0,9815812
interval_timer.numICacheOverlapped.c1,17070668
interval_timer.numICacheOverlapped.c10,11862557
interval_timer.numICacheOverlapped.c11,10286819
interval_timer.numICacheOverlapped.c2,5940052
interval_timer.numICacheOverlapped.c3,4537454
interval_timer.numICacheOverlapped.c4,14794530
interval_timer.numICacheOverlapped.c5,6946944
interval_timer.numICacheOverlapped.c6,10266548
interval_timer.numICacheOverlapped.c7,4819527
interval_timer.numICacheOverlapped.c8,16069620
interval_timer.numICacheOverlapped.c9,4608326
interval_timer.numICacheOverlapped.node0,73118990
interval_timer.numICacheOverlapped.node1,43899867
interval_timer.numICacheOverlapped.total,117018857
interval_timer.numLongLatencyLoads.c0,38592
interval_timer.numLongLatencyLoads.c1,67206
interval_timer.numLongLatencyLoads.c10,46566
interval_timer.numLongLatencyLoads.c11,29427
interval_timer.numLongLatencyLoads.c2,16942
interval_timer.numLongLatencyLoads.c3,17884
interval_timer.numLongLatencyLoads.c4,42187
interval_timer.numLongLatencyLoads.c5,19869
interval_timer.numLongLatencyLoads.c6,29280
interval_timer.numLongLatencyLoads.c7,18989
interval_timer.numLongLatencyLoads.c8,45827
interval_timer.numLongLatencyLoads.c9,13178
interval_timer.numLongLatencyLoads.node0,236983
interval_timer.numLongLatencyLoads.node1,148964
interval_timer.numLongLatencyLoads.total,385947
interval_timer.numMfenceInsns,64801
interval_timer.numSerializationInsns,18
interval_timer.numTotalLongLatencyLoadLatency.c0,4287430
interval_timer.numTotalLongLatencyLoadLatency.c1,21311715
interval_timer.numTotalLongLatencyLoadLatency.c10,5410146
interval_timer.numTotalLongLatencyLoadLatency.c11,1661786
interval_timer.numTotalLongLatencyLoadLatency.c2,1806303
interval_timer.numTotalLongLatencyLoadLatency.c3,1025943
interval_timer.numTotalLongLatencyLoadLatency.c4,5909053
interval_timer.numTotalLongLatencyLoadLatency.c5,1204119
interval_timer.numTotalLongLatencyLoadLatency.c6,3892805
interval_timer.numTotalLongLatencyLoadLatency.c7,1257032
interval_timer.numTotalLongLatencyLoadLatency.c8,6040029
interval_timer.numTotalLongLatencyLoadLatency.c9,664191
interval_timer.numTotalLongLatencyLoadLatency.node0,24055473
interval_timer.numTotalLongLatencyLoadLatency.node1,30415079
interval_timer.numTotalLongLatencyLoadLatency.total,54470552
interval_timer.outstandingLongLatencyCycles.c0,4492622
interval_timer.outstandingLongLatencyCycles.c1,21277972
interval_timer.outstandingLongLatencyCycles.c10,5426338
interval_timer.outstandingLongLatencyCycles.c11,1652721
interval_timer.outstandingLongLatencyCycles.c2,1804434
interval_timer.outstandingLongLatencyCycles.c3,1024562
interval_timer.outstandingLongLatencyCycles.c4,5912165
interval_timer.outstandingLongLatencyCycles.c5,1201440
interval_timer.outstandingLongLatencyCycles.c6,3891461
interval_timer.outstandingLongLatencyCycles.c7,1257680
interval_timer.outstandingLongLatencyCycles.c8,6043342
interval_timer.outstandingLongLatencyCycles.c9,652439
interval_timer.outstandingLongLatencyCycles.node0,24253748
interval_timer.outstandingLongLatencyCycles.node1,30383428
interval_timer.outstandingLongLatencyCycles.total,54637176
interval_timer.outstandingLongLatencyInsns.c0,13176200
interval_timer.outstandingLongLatencyInsns.c1,32351235
interval_timer.outstandingLongLatencyInsns.c10,5896901
interval_timer.outstandingLongLatencyInsns.c11,1713129
interval_timer.outstandingLongLatencyInsns.c2,2081297
interval_timer.outstandingLongLatencyInsns.c3,1064724
interval_timer.outstandingLongLatencyInsns.c4,5953811
interval_timer.outstandingLongLatencyInsns.c5,1885416
interval_timer.outstandingLongLatencyInsns.c6,4243958
interval_timer.outstandingLongLatencyInsns.c7,1906789
interval_timer.outstandingLongLatencyInsns.c8,6677832
interval_timer.outstandingLongLatencyInsns.c9,1072016
interval_timer.outstandingLongLatencyInsns.node0,35006155
interval_timer.outstandingLongLatencyInsns.node1,43017153
interval_timer.outstandingLongLatencyInsns.total,78023308
interval_timer.totalHiddenDCacheLatency.c0,17022422
interval_timer.totalHiddenDCacheLatency.c1,13997949
interval_timer.totalHiddenDCacheLatency.c10,5962017
interval_timer.totalHiddenDCacheLatency.c11,5893029
interval_timer.totalHiddenDCacheLatency.c2,3217325
interval_timer.totalHiddenDCacheLatency.c3,2757732
interval_timer.totalHiddenDCacheLatency.c4,6944549
interval_timer.totalHiddenDCacheLatency.c5,4561000
interval_timer.totalHiddenDCacheLatency.c6,5171633
interval_timer.totalHiddenDCacheLatency.c7,3599290
interval_timer.totalHiddenDCacheLatency.c8,8169386
interval_timer.totalHiddenDCacheLatency.c9,3097208
interval_timer.totalHiddenDCacheLatency.node0,51409590
interval_timer.totalHiddenDCacheLatency.node1,28983950
interval_timer.totalHiddenDCacheLatency.total,80393540
interval_timer.totalHiddenLongerDCacheLatency.c0,255817
interval_timer.totalHiddenLongerDCacheLatency.c1,65872
interval_timer.totalHiddenLongerDCacheLatency.c10,45784
interval_timer.totalHiddenLongerDCacheLatency.c11,2367
interval_timer.totalHiddenLongerDCacheLatency.c2,10804
interval_timer.totalHiddenLongerDCacheLatency.c3,576
interval_timer.totalHiddenLongerDCacheLatency.c4,5294
interval_timer.totalHiddenLongerDCacheLatency.c5,16490
interval_timer.totalHiddenLongerDCacheLatency.c6,13229
interval_timer.totalHiddenLongerDCacheLatency.c7,21384
interval_timer.totalHiddenLongerDCacheLatency.c8,14162
interval_timer.totalHiddenLongerDCacheLatency.c9,11558
interval_timer.totalHiddenLongerDCacheLatency.node0,351115
interval_timer.totalHiddenLongerDCacheLatency.node1,112222
interval_timer.totalHiddenLongerDCacheLatency.total,463337
interval_timer.totalSerializationLatency,218
interval_timer.uop_branch.c0,2155443
interval_timer.uop_branch.c1,158872
interval_timer.uop_branch.c10,23256464
interval_timer.uop_branch.c11,12715861
interval_timer.uop_branch.c2,23146060
interval_timer.uop_branch.c3,135207
interval_timer.uop_branch.c4,4393044
interval_timer.uop_branch.c5,33843816
interval_timer.uop_branch.c6,31976246
interval_timer.uop_branch.c7,31924793
interval_timer.uop_branch.c8,26482472
interval_timer.uop_branch.c9,36867878
interval_timer.uop_branch.node0,145343959
interval_timer.uop_branch.node1,81712197
interval_timer.uop_branch.total,227056156
interval_timer.uop_fp_addsub,1024
interval_timer.uop_fp_muldiv,782
interval_timer.uop_generic.c0,25343820
interval_timer.uop_generic.c1,1080445
interval_timer.uop_generic.c10,118217156
interval_timer.uop_generic.c11,95719426
interval_timer.uop_generic.c2,124195475
interval_timer.uop_generic.c3,41490785
interval_timer.uop_generic.c4,74332325
interval_timer.uop_generic.c5,136919262
interval_timer.uop_generic.c6,163469545
interval_timer.uop_generic.c7,131332379
interval_timer.uop_generic.c8,149727554
interval_timer.uop_generic.c9,136761618
interval_timer.uop_generic.node0,792253937
interval_timer.uop_generic.node1,406335853
interval_timer.uop_generic.total,1198589790
interval_timer.uop_load.c0,7483877
interval_timer.uop_load.c1,1429759
interval_timer.uop_load.c10,95303335
interval_timer.uop_load.c11,45455853
interval_timer.uop_load.c2,95592923
interval_timer.uop_load.c3,8360784
interval_timer.uop_load.c4,48730930
interval_timer.uop_load.c5,79720758
interval_timer.uop_load.c6,117906318
interval_timer.uop_load.c7,79739214
interval_timer.uop_load.c8,104103210
interval_timer.uop_load.c9,99740808
interval_timer.uop_load.node0,502702663
interval_timer.uop_load.node1,280865106
interval_timer.uop_load.total,783567769
interval_timer.uop_store.c0,2906522
interval_timer.uop_store.c1,871184
interval_timer.uop_store.c10,42088995
interval_timer.uop_store.c11,21749161
interval_timer.uop_store.c2,42347868
interval_timer.uop_store.c3,2872419
interval_timer.uop_store.c4,17042565
interval_timer.uop_store.c5,38367353
interval_timer.uop_store.c6,53325470
interval_timer.uop_store.c7,39522432
interval_timer.uop_store.c8,45731174
interval_timer.uop_store.c9,52404048
interval_timer.uop_store.node0,230756533
interval_timer.uop_store.node1,128472658
interval_timer.uop_store.total,359229191
interval_timer.uops_pause.c2,12
interval_timer.uops_pause.c6,6
interval_timer.uops_pause.c8,616
interval_timer.uops_pause.c9,688
interval_timer.uops_pause.node0,694
interval_timer.uops_pause.node1,628
interval_timer.uops_pause.total,1322
interval_timer.uops_total.c0,37891468
interval_timer.uops_total.c1,3540260
interval_timer.uops_total.c10,278865950
interval_timer.uops_total.c11,175640301
interval_timer.uops_total.c2,285282326
interval_timer.uops_total.c3,52859195
interval_timer.uops_total.c4,144498864
interval_timer.uops_total.c5,288851189
interval_timer.uops_total.c6,366677579
interval_timer.uops_total.c7,282518818
interval_timer.uops_total.c8,326044410
interval_timer.uops_total.c9,325774352
interval_timer.uops_total.node0,1671058898
interval_timer.uops_total.node1,897385814
interval_timer.uops_total.total,2568444712
interval_timer.uops_x87,11
itlb.access.c0,3125428
itlb.access.c1,373995
itlb.access.c10,26425625
itlb.access.c11,15210527
itlb.access.c2,26725542
itlb.access.c3,2830020
itlb.access.c4,10675938
itlb.access.c5,30439212
itlb.access.c6,35017924
itlb.access.c7,29511587
itlb.access.c8,30390769
itlb.access.c9,34109639
itlb.access.node0,157834313
itlb.access.node1,87001893
itlb.access.total,244836206
itlb.miss.c0,135
itlb.miss.c1,42
itlb.miss.c10,54
itlb.miss.c11,45
itlb.miss.c2,54
itlb.miss.c3,41
itlb.miss.c4,43
itlb.miss.c5,53
itlb.miss.c6,52
itlb.miss.c7,52
itlb.miss.c8,52
itlb.miss.c9,54
itlb.miss.node0,477
itlb.miss.node1,200
itlb.miss.total,677
itlb_cache.access-mru-0.c0,3124020
itlb_cache.access-mru-0.c1,373915
itlb_cache.access-mru-0.c10,26420951
itlb_cache.access-mru-0.c11,15205311
itlb_cache.access-mru-0.c2,26720273
itlb_cache.access-mru-0.c3,2827904
itlb_cache.access-mru-0.c4,10674307
itlb_cache.access-mru-0.c5,30431260
itlb_cache.access-mru-0.c6,35010514
itlb_cache.access-mru-0.c7,29503519
itlb_cache.access-mru-0.c8,30384421
itlb_cache.access-mru-0.c9,34100313
itlb_cache.access-mru-0.node0,157794580
itlb_cache.access-mru-0.node1,86982128
itlb_cache.access-mru-0.total,244776708
itlb_cache.access-mru-1.c0,1225
itlb_cache.access-mru-1.c1,31
itlb_cache.access-mru-1.c10,4597
itlb_cache.access-mru-1.c11,5128
itlb_cache.access-mru-1.c2,5184
itlb_cache.access-mru-1.c3,2075
itlb_cache.access-mru-1.c4,1588
itlb_cache.access-mru-1.c5,7878
itlb_cache.access-mru-1.c6,7326
itlb_cache.access-mru-1.c7,7992
itlb_cache.access-mru-1.c8,6273
itlb_cache.access-mru-1.c9,9244
itlb_cache.access-mru-1.node0,39061
itlb_cache.access-mru-1.node1,19480
itlb_cache.access-mru-1.total,58541
itlb_cache.access-mru-2.c0,39
itlb_cache.access-mru-2.c1,7
itlb_cache.access-mru-2.c10,21
itlb_cache.access-mru-2.c11,37
itlb_cache.access-mru-2.c2,27
itlb_cache.access-mru-2.c5,20
itlb_cache.access-mru-2.c6,28
itlb_cache.access-mru-2.c7,21
itlb_cache.access-mru-2.c8,21
itlb_cache.access-mru-2.c9,23
itlb_cache.access-mru-2.node0,168
itlb_cache.access-mru-2.node1,76
itlb_cache.access-mru-2.total,244
itlb_cache.access-mru-3.c0,9
itlb_cache.access-mru-3.c10,2
itlb_cache.access-mru-3.c11,6
itlb_cache.access-mru-3.c2,4
itlb_cache.access-mru-3.c5,1
itlb_cache.access-mru-3.c6,4
itlb_cache.access-mru-3.c7,3
itlb_cache.access-mru-3.c8,2
itlb_cache.access-mru-3.c9,5
itlb_cache.access-mru-3.node0,27
itlb_cache.access-mru-3.node1,9
itlb_cache.access-mru-3.total,36
network.shmem-1.bus.num-bytes,63917094
network.shmem-1.bus.num-packets,1404821
network.shmem-1.bus.num-packets-delayed,20806
network.shmem-1.bus.time-used,1200386484375
network.shmem-1.bus.total-delay,10930920725
performance_model.cpiStartTime.c1,1037260907630
performance_model.cpiStartTime.c10,1041463630700
performance_model.cpiStartTime.c11,1041694085015
performance_model.cpiStartTime.c2,1039474541780
performance_model.cpiStartTime.c3,1039731359705
performance_model.cpiStartTime.c4,1039951359485
performance_model.cpiStartTime.c5,1040204995595
performance_model.cpiStartTime.c6,1040458631705
performance_model.cpiStartTime.c7,1040712267815
performance_model.cpiStartTime.c8,1040965903925
performance_model.cpiStartTime.c9,1041209994590
performance_model.cpiStartTime.node0,7284714056795
performance_model.cpiStartTime.node1,4158413621150
performance_model.cpiStartTime.total,11443127677945
performance_model.cpiSyncFutex.c0,132509879814715
performance_model.cpiSyncFutex.c1,9054999945
performance_model.cpiSyncFutex.c10,36203855667290
performance_model.cpiSyncFutex.c11,48089322408175
performance_model.cpiSyncFutex.c2,34528075524890
performance_model.cpiSyncFutex.c3,80244038434245
performance_model.cpiSyncFutex.c4,33110712839345
performance_model.cpiSyncFutex.c5,37044402449030
performance_model.cpiSyncFutex.c6,10746614761920
performance_model.cpiSyncFutex.c7,40437596886090
performance_model.cpiSyncFutex.c8,20621924884600
performance_model.cpiSyncFutex.c9,43122761020105
performance_model.cpiSyncFutex.node0,421071587394825
performance_model.cpiSyncFutex.node1,95596652295525
performance_model.cpiSyncFutex.total,516668239690350
performance_model.cpiSyncSyscall.c0,304671860
performance_model.cpiSyncSyscall.c5,995103990
performance_model.cpiSyncSyscall.node0,1299775850
performance_model.cpiSyncSyscall.node1,0
performance_model.cpiSyncSyscall.total,1299775850
performance_model.cpiSyncUnscheduled.c10,410453135
performance_model.cpiSyncUnscheduled.c11,330907760
performance_model.cpiSyncUnscheduled.c2,971361665
performance_model.cpiSyncUnscheduled.c5,650453895
performance_model.cpiSyncUnscheduled.c6,632726640
performance_model.cpiSyncUnscheduled.c7,344545110
performance_model.cpiSyncUnscheduled.c8,1114544340
performance_model.cpiSyncUnscheduled.c9,1338635025
performance_model.cpiSyncUnscheduled.node0,3363176455
performance_model.cpiSyncUnscheduled.node1,2430451115
performance_model.cpiSyncUnscheduled.total,5793627570
performance_model.elapsed_time.c0,140764503504975
performance_model.elapsed_time.c1,11941645012235
performance_model.elapsed_time.c10,137856777776340
performance_model.elapsed_time.c11,90771527124365
performance_model.elapsed_time.c2,133426513115700
performance_model.elapsed_time.c3,89929364784710
performance_model.elapsed_time.c4,89927334331195
performance_model.elapsed_time.c5,133427055843430
performance_model.elapsed_time.c6,135540681912620
performance_model.elapsed_time.c7,133165380194015
performance_model.elapsed_time.c8,133166449739400
performance_model.elapsed_time.c9,136616006289840
performance_model.elapsed_time.node0,954833251567475
performance_model.elapsed_time.node1,411699988061350
performance_model.elapsed_time.total,1366533239628825
performance_model.idle_elapsed_time.c0,132510184486575
performance_model.idle_elapsed_time.c1,1046315907575
performance_model.idle_elapsed_time.c10,37245729751125
performance_model.idle_elapsed_time.c11,49131347400950
performance_model.idle_elapsed_time.c2,35568521428335
performance_model.idle_elapsed_time.c3,81283769793950
performance_model.idle_elapsed_time.c4,34150664198830
performance_model.idle_elapsed_time.c5,38086253002510
performance_model.idle_elapsed_time.c6,11787706120265
performance_model.idle_elapsed_time.c7,41478653699015
performance_model.idle_elapsed_time.c8,21664005332865
performance_model.idle_elapsed_time.c9,44165309649720
performance_model.idle_elapsed_time.node0,428360964403925
performance_model.idle_elapsed_time.node1,99757496367790
performance_model.idle_elapsed_time.total,528118460771715
performance_model.instruction_count.c0,34351219
performance_model.instruction_count.c1,3057194
performance_model.instruction_count.c10,247175834
performance_model.instruction_count.c11,163078621
performance_model.instruction_count.c2,253480938
performance_model.instruction_count.c3,49455853
performance_model.instruction_count.c4,122836471
performance_model.instruction_count.c5,270473937
performance_model.instruction_count.c6,329570771
performance_model.instruction_count.c7,263975834
performance_model.instruction_count.c8,291949848
performance_model.instruction_count.c9,302571351
performance_model.instruction_count.node0,1519514057
performance_model.instruction_count.node1,812463814
performance_model.instruction_count.total,2331977871
stlb.access.c0,16438
stlb.access.c1,5405
stlb.access.c10,15257
stlb.access.c11,7467
stlb.access.c2,10425
stlb.access.c3,1343
stlb.access.c4,1557
stlb.access.c5,13321
stlb.access.c6,15929
stlb.access.c7,14366
stlb.access.c8,14025
stlb.access.c9,18863
stlb.access.node0,90175
stlb.access.node1,44221
stlb.access.total,134396
stlb.miss.c0,9841
stlb.miss.c1,5362
stlb.miss.c10,4204
stlb.miss.c11,1923
stlb.miss.c2,1866
stlb.miss.c3,983
stlb.miss.c4,1183
stlb.miss.c5,1844
stlb.miss.c6,3204
stlb.miss.c7,2386
stlb.miss.c8,2969
stlb.miss.c9,2503
stlb.miss.node0,25685
stlb.miss.node1,12583
stlb.miss.total,38268
stlb_cache.access-mru-0.c0,1809
stlb_cache.access-mru-0.c1,24
stlb_cache.access-mru-0.c10,1920
stlb_cache.access-mru-0.c11,887
stlb_cache.access-mru-0.c2,1256
stlb_cache.access-mru-0.c3,92
stlb_cache.access-mru-0.c4,144
stlb_cache.access-mru-0.c5,1414
stlb_cache.access-mru-0.c6,2540
stlb_cache.access-mru-0.c7,2100
stlb_cache.access-mru-0.c8,2078
stlb_cache.access-mru-0.c9,2778
stlb_cache.access-mru-0.node0,11584
stlb_cache.access-mru-0.node1,5458
stlb_cache.access-mru-0.total,17042
stlb_cache.access-mru-1.c0,1626
stlb_cache.access-mru-1.c1,6
stlb_cache.access-mru-1.c10,6873
stlb_cache.access-mru-1.c11,3641
stlb_cache.access-mru-1.c2,5732
stlb_cache.access-mru-1.c3,170
stlb_cache.access-mru-1.c4,103
stlb_cache.access-mru-1.c5,8197
stlb_cache.access-mru-1.c6,7240
stlb_cache.access-mru-1.c7,7623
stlb_cache.access-mru-1.c8,6556
stlb_cache.access-mru-1.c9,10752
stlb_cache.access-mru-1.node0,38602
stlb_cache.access-mru-1.node1,19917
stlb_cache.access-mru-1.total,58519
stlb_cache.access-mru-2.c0,1556
stlb_cache.access-mru-2.c1,2
stlb_cache.access-mru-2.c10,1221
stlb_cache.access-mru-2.c11,551
stlb_cache.access-mru-2.c2,896
stlb_cache.access-mru-2.c3,63
stlb_cache.access-mru-2.c4,56
stlb_cache.access-mru-2.c5,1011
stlb_cache.access-mru-2.c6,1533
stlb_cache.access-mru-2.c7,1158
stlb_cache.access-mru-2.c8,1324
stlb_cache.access-mru-2.c9,1508
stlb_cache.access-mru-2.node0,7499
stlb_cache.access-mru-2.node1,3380
stlb_cache.access-mru-2.total,10879
stlb_cache.access-mru-3.c0,1606
stlb_cache.access-mru-3.c1,11
stlb_cache.access-mru-3.c10,1039
stlb_cache.access-mru-3.c11,465
stlb_cache.access-mru-3.c2,675
stlb_cache.access-mru-3.c3,35
stlb_cache.access-mru-3.c4,71
stlb_cache.access-mru-3.c5,855
stlb_cache.access-mru-3.c6,1412
stlb_cache.access-mru-3.c7,1099
stlb_cache.access-mru-3.c8,1098
stlb_cache.access-mru-3.c9,1322
stlb_cache.access-mru-3.node0,6805
stlb_cache.access-mru-3.node1,2883
stlb_cache.access-mru-3.total,9688
syscall.stdout-bytes,486
thread.bottle_contrib_time.c0,3953517587493
thread.bottle_contrib_time.c1,9976473629008
thread.bottle_contrib_time.c10,5424355927583
thread.bottle_contrib_time.c11,374151992953
thread.bottle_contrib_time.c12,1243373448
thread.bottle_contrib_time.c13,495248536910
thread.bottle_contrib_time.c14,750016151690
thread.bottle_contrib_time.c15,579073108138
thread.bottle_contrib_time.c16,724049714269
thread.bottle_contrib_time.c17,589076097223
thread.bottle_contrib_time.c18,1078307059636
thread.bottle_contrib_time.c19,1091427240265
thread.bottle_contrib_time.c2,5633189973106
thread.bottle_contrib_time.c20,991971151424
thread.bottle_contrib_time.c21,1292703788880
thread.bottle_contrib_time.c22,507191297000
thread.bottle_contrib_time.c23,401533546986
thread.bottle_contrib_time.c24,250025689850
thread.bottle_contrib_time.c25,284775973976
thread.bottle_contrib_time.c26,7268117180308
thread.bottle_contrib_time.c27,8534683462043
thread.bottle_contrib_time.c28,6848015238344
thread.bottle_contrib_time.c29,7666221699792
thread.bottle_contrib_time.c3,825701697
thread.bottle_contrib_time.c30,8797827175120
thread.bottle_contrib_time.c31,7579332046769
thread.bottle_contrib_time.c32,7099109896873
thread.bottle_contrib_time.c33,10520172507692
thread.bottle_contrib_time.c34,2285930846434
thread.bottle_contrib_time.c35,2634588052004
thread.bottle_contrib_time.c36,3808266510868
thread.bottle_contrib_time.c37,2597642010540
thread.bottle_contrib_time.c38,3151403197560
thread.bottle_contrib_time.c4,3787343789057
thread.bottle_contrib_time.c5,521518909
thread.bottle_contrib_time.c6,13692705733602
thread.bottle_contrib_time.c7,443246509
thread.bottle_contrib_time.c8,10092273497860
thread.bottle_contrib_time.c9,443676143
thread.bottle_contrib_time.node0,3953517587493
thread.bottle_contrib_time.node1,136810681240469
thread.bottle_contrib_time.total,140764198827962
thread.bottle_runtime_time.c0,3982154199660
thread.bottle_runtime_time.c1,10902927742425
thread.bottle_runtime_time.c10,76454840855810
thread.bottle_runtime_time.c11,3538868740855
thread.bottle_runtime_time.c12,11386806795
thread.bottle_runtime_time.c13,999695363940
thread.bottle_runtime_time.c14,11578018834515
thread.bottle_runtime_time.c15,8648391812145
thread.bottle_runtime_time.c16,11614409767215
thread.bottle_runtime_time.c17,9005876910205
thread.bottle_runtime_time.c18,10499010374845
thread.bottle_runtime_time.c19,11752083258905
thread.bottle_runtime_time.c2,78595425076860
thread.bottle_runtime_time.c20,10306436044190
thread.bottle_runtime_time.c21,11042339419195
thread.bottle_runtime_time.c22,7189673821395
thread.bottle_runtime_time.c23,6155408847585
thread.bottle_runtime_time.c24,3804812575820
thread.bottle_runtime_time.c25,4284318449950
thread.bottle_runtime_time.c26,92978720666550
thread.bottle_runtime_time.c27,101158356141270
thread.bottle_runtime_time.c28,89588459054815
thread.bottle_runtime_time.c29,95103899013915
thread.bottle_runtime_time.c3,8338630025
thread.bottle_runtime_time.c30,71660912839485
thread.bottle_runtime_time.c31,70711621414065
thread.bottle_runtime_time.c32,70877065896060
thread.bottle_runtime_time.c33,90406568075735
thread.bottle_runtime_time.c34,33402547966055
thread.bottle_runtime_time.c35,39710021505590
thread.bottle_runtime_time.c36,54694941206095
thread.bottle_runtime_time.c37,38415310781545
thread.bottle_runtime_time.c38,23864909379490
thread.bottle_runtime_time.c4,54997697760520
thread.bottle_runtime_time.c5,5469994530
thread.bottle_runtime_time.c6,121682610637995
thread.bottle_runtime_time.c7,5804540650
thread.bottle_runtime_time.c8,110282248845550
thread.bottle_runtime_time.c9,5689087220
thread.bottle_runtime_time.node0,3982154199660
thread.bottle_runtime_time.node1,1435945118139810
thread.bottle_runtime_time.total,1439927272339470
thread.elapsed_time.c0,140764500000000
thread.elapsed_time.c1,10901839092370
thread.elapsed_time.c10,86905736369300
thread.elapsed_time.c11,14431905914985
thread.elapsed_time.c12,10899384097025
thread.elapsed_time.c13,10899459551795
thread.elapsed_time.c14,88979675915915
thread.elapsed_time.c15,88886469097940
thread.elapsed_time.c16,88884262279965
thread.elapsed_time.c17,89075555461990
thread.elapsed_time.c18,132382553189465
thread.elapsed_time.c19,132123035007865
thread.elapsed_time.c2,88882425458220
thread.elapsed_time.c20,132121417280810
thread.elapsed_time.c21,132122269099240
thread.elapsed_time.c22,88820153190365
thread.elapsed_time.c23,86903227281500
thread.elapsed_time.c24,87041100918090
thread.elapsed_time.c25,86902652281975
thread.elapsed_time.c26,105255751828030
thread.elapsed_time.c27,114285611828270
thread.elapsed_time.c28,103014163192155
thread.elapsed_time.c29,109245521828760
thread.elapsed_time.c3,10901368640295
thread.elapsed_time.c30,135568368192650
thread.elapsed_time.c31,132396642283785
thread.elapsed_time.c32,132379393647670
thread.elapsed_time.c33,134493269102440
thread.elapsed_time.c34,89723910920880
thread.elapsed_time.c35,89984669557485
thread.elapsed_time.c36,91220465466780
thread.elapsed_time.c37,89369940921550
thread.elapsed_time.c38,136807097740075
thread.elapsed_time.c4,65854848640515
thread.elapsed_time.c5,10900595004405
thread.elapsed_time.c6,132122041368295
thread.elapsed_time.c7,10900387732185
thread.elapsed_time.c8,121156934096075
thread.elapsed_time.c9,10899190005410
thread.elapsed_time.node0,140764500000000
thread.elapsed_time.node1,3283643293486525
thread.elapsed_time.total,3424407793486525
thread.instruction_count.c0,10035586
thread.instruction_count.c1,3051775
thread.instruction_count.c10,84054256
thread.instruction_count.c11,3173037
thread.instruction_count.c12,5295
thread.instruction_count.c13,5280
thread.instruction_count.c14,26081575
thread.instruction_count.c15,49449494
thread.instruction_count.c16,38105944
thread.instruction_count.c17,47648150
thread.instruction_count.c18,39070264
thread.instruction_count.c19,40006499
thread.instruction_count.c2,84081102
thread.instruction_count.c20,37113893
thread.instruction_count.c21,44342302
thread.instruction_count.c22,22725167
thread.instruction_count.c23,19396165
thread.instruction_count.c24,16925306
thread.instruction_count.c25,24310254
thread.instruction_count.c26,231397497
thread.instruction_count.c27,101335159
thread.instruction_count.c28,170878289
thread.instruction_count.c29,105758705
thread.instruction_count.c3,6168
thread.instruction_count.c30,189473469
thread.instruction_count.c31,139087361
thread.instruction_count.c32,143318128
thread.instruction_count.c33,103921381
thread.instruction_count.c34,95331777
thread.instruction_count.c35,55976929
thread.instruction_count.c36,57777037
thread.instruction_count.c37,90366339
thread.instruction_count.c38,4637592
thread.instruction_count.c4,84730264
thread.instruction_count.c5,5872
thread.instruction_count.c6,84307418
thread.instruction_count.c7,6233
thread.instruction_count.c8,84071346
thread.instruction_count.c9,6066
thread.instruction_count.node0,10035586
thread.instruction_count.node1,2321938788
thread.instruction_count.total,2331974374
thread.instructions_by_core[0].c0,10035586
thread.instructions_by_core[0].c12,5295
thread.instructions_by_core[0].c25,24310254
thread.instructions_by_core[0].node0,10035586
thread.instructions_by_core[0].node1,24315549
thread.instructions_by_core[0].total,34351135
thread.instructions_by_core[10].c10,84054256
thread.instructions_by_core[10].c23,19396165
thread.instructions_by_core[10].c31,139087361
thread.instructions_by_core[10].c38,4637592
thread.instructions_by_core[10].node0,84054256
thread.instructions_by_core[10].node1,163121118
thread.instructions_by_core[10].total,247175374
thread.instructions_by_core[11].c11,3173037
thread.instructions_by_core[11].c17,47648150
thread.instructions_by_core[11].c24,16925306
thread.instructions_by_core[11].c34,95331777
thread.instructions_by_core[11].node0,3173037
thread.instructions_by_core[11].node1,159905233
thread.instructions_by_core[11].total,163078270
thread.instructions_by_core[1].c1,3051775
thread.instructions_by_core[1].c13,5280
thread.instructions_by_core[1].node0,3051775
thread.instructions_by_core[1].node1,5280
thread.instructions_by_core[1].total,3057055
thread.instructions_by_core[2].c14,26081575
thread.instructions_by_core[2].c2,84081102
thread.instructions_by_core[2].c32,143318128
thread.instructions_by_core[2].node0,84081102
thread.instructions_by_core[2].node1,169399703
thread.instructions_by_core[2].total,253480805
thread.instructions_by_core[3].c15,49449494
thread.instructions_by_core[3].c3,6168
thread.instructions_by_core[3].node0,6168
thread.instructions_by_core[3].node1,49449494
thread.instructions_by_core[3].total,49455662
thread.instructions_by_core[4].c16,38105944
thread.instructions_by_core[4].c4,84730264
thread.instructions_by_core[4].node0,84730264
thread.instructions_by_core[4].node1,38105944
thread.instructions_by_core[4].total,122836208
thread.instructions_by_core[5].c18,39070264
thread.instructions_by_core[5].c26,231397497
thread.instructions_by_core[5].c5,5872
thread.instructions_by_core[5].node0,5872
thread.instructions_by_core[5].node1,270467761
thread.instructions_by_core[5].total,270473633
thread.instructions_by_core[6].c19,40006499
thread.instructions_by_core[6].c27,101335159
thread.instructions_by_core[6].c33,103921381
thread.instructions_by_core[6].c6,84307418
thread.instructions_by_core[6].node0,84307418
thread.instructions_by_core[6].node1,245263039
thread.instructions_by_core[6].total,329570457
thread.instructions_by_core[7].c20,37113893
thread.instructions_by_core[7].c28,170878289
thread.instructions_by_core[7].c35,55976929
thread.instructions_by_core[7].c7,6233
thread.instructions_by_core[7].node0,6233
thread.instructions_by_core[7].node1,263969111
thread.instructions_by_core[7].total,263975344
thread.instructions_by_core[8].c21,44342302
thread.instructions_by_core[8].c29,105758705
thread.instructions_by_core[8].c36,57777037
thread.instructions_by_core[8].c8,84071346
thread.instructions_by_core[8].node0,84071346
thread.instructions_by_core[8].node1,207878044
thread.instructions_by_core[8].total,291949390
thread.instructions_by_core[9].c22,22725167
thread.instructions_by_core[9].c30,189473469
thread.instructions_by_core[9].c37,90366339
thread.instructions_by_core[9].c9,6066
thread.instructions_by_core[9].node0,6066
thread.instructions_by_core[9].node1,302564975
thread.instructions_by_core[9].total,302571041
thread.nonidle_elapsed_time.c0,3980987382645
thread.nonidle_elapsed_time.c1,10890844563690
thread.nonidle_elapsed_time.c10,49523135931360
thread.nonidle_elapsed_time.c11,1864620408105
thread.nonidle_elapsed_time.c12,3019996980
thread.nonidle_elapsed_time.c13,4373631990
thread.nonidle_elapsed_time.c14,3636653636070
thread.nonidle_elapsed_time.c15,8640670904775
thread.nonidle_elapsed_time.c16,5504495404590
thread.nonidle_elapsed_time.c17,7192931897970
thread.nonidle_elapsed_time.c18,5820710997465
thread.nonidle_elapsed_time.c19,5560193076165
thread.nonidle_elapsed_time.c2,48648414533355
thread.nonidle_elapsed_time.c20,6580787055570
thread.nonidle_elapsed_time.c21,6301954607130
thread.nonidle_elapsed_time.c22,3331946668050
thread.nonidle_elapsed_time.c23,3210505880400
thread.nonidle_elapsed_time.c24,2442233466855
thread.nonidle_elapsed_time.c25,4270288911525
thread.nonidle_elapsed_time.c26,89515748665980
thread.nonidle_elapsed_time.c27,35714447467335
thread.nonidle_elapsed_time.c28,66528098471835
thread.nonidle_elapsed_time.c29,36907495365195
thread.nonidle_elapsed_time.c3,4810904280
thread.nonidle_elapsed_time.c30,60653439346500
thread.nonidle_elapsed_time.c31,46061053938900
thread.nonidle_elapsed_time.c32,45572855790735
thread.nonidle_elapsed_time.c33,33049002860055
thread.nonidle_elapsed_time.c34,30140264405160
thread.nonidle_elapsed_time.c35,18572779609020
thread.nonidle_elapsed_time.c36,18385037069490
thread.nonidle_elapsed_time.c37,28461658356495
thread.nonidle_elapsed_time.c38,1816134547500
thread.nonidle_elapsed_time.c4,50272089273315
thread.nonidle_elapsed_time.c5,4263177555
thread.nonidle_elapsed_time.c6,49429281025215
thread.nonidle_elapsed_time.c7,4940904150
thread.nonidle_elapsed_time.c8,49907735546760
thread.nonidle_elapsed_time.c9,3574087335
thread.nonidle_elapsed_time.node0,3980987382645
thread.nonidle_elapsed_time.node1,834432492384855
thread.nonidle_elapsed_time.total,838413479767500
thread.time_by_core[0].c0,3980987382645
thread.time_by_core[0].c12,3019996980
thread.time_by_core[0].c25,4270288911525
thread.time_by_core[0].node0,3980987382645
thread.time_by_core[0].node1,4273308908505
thread.time_by_core[0].total,8254296291150
thread.time_by_core[10].c10,49523135931360
thread.time_by_core[10].c23,3210505880400
thread.time_by_core[10].c31,46061053938900
thread.time_by_core[10].c38,1816134547500
thread.time_by_core[10].node0,49523135931360
thread.time_by_core[10].node1,51087694366800
thread.time_by_core[10].total,100610830298160
thread.time_by_core[11].c11,1864620408105
thread.time_by_core[11].c17,7192931897970
thread.time_by_core[11].c24,2442233466855
thread.time_by_core[11].c34,30140264405160
thread.time_by_core[11].node0,1864620408105
thread.time_by_core[11].node1,39775429769985
thread.time_by_core[11].total,41640050178090
thread.time_by_core[1].c1,10890844563690
thread.time_by_core[1].c13,4373631990
thread.time_by_core[1].node0,10890844563690
thread.time_by_core[1].node1,4373631990
thread.time_by_core[1].total,10895218195680
thread.time_by_core[2].c14,3636653636070
thread.time_by_core[2].c2,48648414533355
thread.time_by_core[2].c32,45572855790735
thread.time_by_core[2].node0,48648414533355
thread.time_by_core[2].node1,49209509426805
thread.time_by_core[2].total,97857923960160
thread.time_by_core[3].c15,8640670904775
thread.time_by_core[3].c3,4810904280
thread.time_by_core[3].node0,4810904280
thread.time_by_core[3].node1,8640670904775
thread.time_by_core[3].total,8645481809055
thread.time_by_core[4].c16,5504495404590
thread.time_by_core[4].c4,50272089273315
thread.time_by_core[4].node0,50272089273315
thread.time_by_core[4].node1,5504495404590
thread.time_by_core[4].total,55776584677905
thread.time_by_core[5].c18,5820710997465
thread.time_by_core[5].c26,89515748665980
thread.time_by_core[5].c5,4263177555
thread.time_by_core[5].node0,4263177555
thread.time_by_core[5].node1,95336459663445
thread.time_by_core[5].total,95340722841000
thread.time_by_core[6].c19,5560193076165
thread.time_by_core[6].c27,35714447467335
thread.time_by_core[6].c33,33049002860055
thread.time_by_core[6].c6,49429281025215
thread.time_by_core[6].node0,49429281025215
thread.time_by_core[6].node1,74323643403555
thread.time_by_core[6].total,123752924428770
thread.time_by_core[7].c20,6580787055570
thread.time_by_core[7].c28,66528098471835
thread.time_by_core[7].c35,18572779609020
thread.time_by_core[7].c7,4940904150
thread.time_by_core[7].node0,4940904150
thread.time_by_core[7].node1,91681665136425
thread.time_by_core[7].total,91686606040575
thread.time_by_core[8].c21,6301954607130
thread.time_by_core[8].c29,36907495365195
thread.time_by_core[8].c36,18385037069490
thread.time_by_core[8].c8,49907735546760
thread.time_by_core[8].node0,49907735546760
thread.time_by_core[8].node1,61594487041815
thread.time_by_core[8].total,111502222588575
thread.time_by_core[9].c22,3331946668050
thread.time_by_core[9].c30,60653439346500
thread.time_by_core[9].c37,28461658356495
thread.time_by_core[9].c9,3574087335
thread.time_by_core[9].node0,3574087335
thread.time_by_core[9].node1,92447044371045
thread.time_by_core[9].total,92450618458380
thread.unscheduled_time.c0,136783512940515
thread.unscheduled_time.c1,3134449910
thread.unscheduled_time.c10,37354613997000
thread.unscheduled_time.c11,12562288234050
thread.unscheduled_time.c12,10895406839855
thread.unscheduled_time.c13,10894968751885
thread.unscheduled_time.c14,85341076741250
thread.unscheduled_time.c15,80238798432485
thread.unscheduled_time.c16,83375769051440
thread.unscheduled_time.c17,81880293744215
thread.unscheduled_time.c18,126546826236265
thread.unscheduled_time.c19,126551901464860
thread.unscheduled_time.c2,40203012702890
thread.unscheduled_time.c20,125526620266095
thread.unscheduled_time.c21,125808317515960
thread.unscheduled_time.c22,85478234958755
thread.unscheduled_time.c23,83686729467565
thread.unscheduled_time.c24,84591867715775
thread.unscheduled_time.c25,82624371500455
thread.unscheduled_time.c26,15739061631690
thread.unscheduled_time.c27,78571192575540
thread.unscheduled_time.c28,36485154128885
thread.unscheduled_time.c29,72338133292400
thread.unscheduled_time.c3,10895557748795
thread.unscheduled_time.c30,74899942435810
thread.unscheduled_time.c31,86327707274075
thread.unscheduled_time.c32,86795576485800
thread.unscheduled_time.c33,101434304461085
thread.unscheduled_time.c34,59583684541860
thread.unscheduled_time.c35,71411924985360
thread.unscheduled_time.c36,72835362287625
thread.unscheduled_time.c37,60908325057075
thread.unscheduled_time.c38,134988874769365
thread.unscheduled_time.c4,15551766154835
thread.unscheduled_time.c5,10895365021715
thread.unscheduled_time.c6,82665786056305
thread.unscheduled_time.c7,10895478204420
thread.unscheduled_time.c8,71223187543945
thread.unscheduled_time.c9,10894615931555
thread.unscheduled_time.node0,136783512940515
thread.unscheduled_time.node1,2448905232658850
thread.unscheduled_time.total,2585688745599365
thread.waiting_cost.c0,36624576674909
thread.waiting_cost.c10,25415321224007
thread.waiting_cost.c11,3127918785438
thread.waiting_cost.c12,38232996529506
thread.waiting_cost.c13,37939101503597
thread.waiting_cost.c14,14397517502441
thread.waiting_cost.c15,37093489327251
thread.waiting_cost.c16,36331597576259
thread.waiting_cost.c17,15030120500372
thread.waiting_cost.c18,35572600132425
thread.waiting_cost.c19,35004321826601
thread.waiting_cost.c2,2984175106415
thread.waiting_cost.c20,35921498403539
thread.waiting_cost.c21,34947575635379
thread.waiting_cost.c22,15040714992889
thread.waiting_cost.c23,14742913917795
thread.waiting_cost.c24,37676291952940
thread.waiting_cost.c25,37589512771181
thread.waiting_cost.c26,3368191886904
thread.waiting_cost.c27,3506266688020
thread.waiting_cost.c28,3555936389541
thread.waiting_cost.c29,3651860583172
thread.waiting_cost.c3,38233759864691
thread.waiting_cost.c30,20302285952422
thread.waiting_cost.c31,16660513457660
thread.waiting_cost.c32,21257526890721
thread.waiting_cost.c33,13677924024716
thread.waiting_cost.c34,11292816360856
thread.waiting_cost.c35,9828374819475
thread.waiting_cost.c36,7009684597871
thread.waiting_cost.c37,9634339951691
thread.waiting_cost.c38,32580413913925
thread.waiting_cost.c4,29612478605437
thread.waiting_cost.c5,38234008493801
thread.waiting_cost.c6,3025760751278
thread.waiting_cost.c7,38234190379154
thread.waiting_cost.c8,3124818688941
thread.waiting_cost.c9,38234153058263
thread.waiting_cost.node0,36624576674909
thread.waiting_cost.node1,802072973046574
thread.waiting_cost.total,838697549721483
time.walltime,1783386603945728
